-8192 0.69314718055994531
-8188 -10000
-8184 9.0109133472792890
-8180 9.7040605278392343
-8176 16.637727188605872
-8172 18.023290466471560
-8168 23.864175877654819
-8164 25.651567244818553
-8160 30.810855251067725
-8156 32.877537249490526
-8152 37.544906755735259
-8148 39.819928229734904
-8144 44.109397930776977
-8140 46.544190574533759
-8136 50.534240314494182
-8132 53.092009729125649
-8128 56.841177744595222
-8124 59.492354818668285
-8120 63.046423183481719
-8116 65.766561577064405
-8112 69.162241131156912
-8108 71.930998149113429
-8104 75.198010440190671
-8100 77.998598577001478
-8096 81.160998109778959
-8092 83.979809329207353
-8088 87.056943279440094
-8084 89.883208059841411
-8080 92.890496498291744
-8076 95.715928487934353
-8072 98.665541002515225
-8068 101.48396496592525
-8064 104.38541863323190
-8060 107.19239903835284
-8056 110.05308223812865
-8052 112.84557315711045
-8048 115.67119469103361
-8044 118.44722696919707
-8040 121.24219145481356
-8036 124.00060592489512
-8032 126.76831968468851
-8028 129.50854862875706
-8024 132.25166308652965
-8020 134.97355739377622
-8016 137.69415861480481
-8012 140.39785528461818
-8008 143.09760876670985
-8004 145.78343220476211
-8000 148.46369163392334
-7996 151.13208209296910
-7992 153.79396985462517
-7988 156.44543293377905
-7984 159.08989900051233
-7980 161.72497099635582
-7976 164.35283559778969
-7972 166.97206046894998
-7968 169.58404481441575
-7964 172.18795944185023
-7960 174.78470777751223
-7956 177.37383300645955
-7952 179.95592846919330
-7948 182.53076408078475
-7944 185.09874015836406
-7940 187.65976244084425
-7936 190.21411134440470
-7932 192.76177233118156
-7928 195.30295120776149
-7924 197.83767894300531
-7920 200.36611457850691
-7916 202.88831398224610
-7912 205.40440644567160
-7908 207.91446049877112
-7904 210.41858603767986
-7900 212.91685710908906
-7896 215.40937050821540
-7892 217.89620171545074
-7888 220.37743826315178
-7884 222.85315480208226
-7880 225.32343196361137
-7876 227.78834237259029
-7872 230.24796123844028
-7868 232.70235857995955
-7864 235.15160513692535
-7860 237.59576809095915
-7856 240.03491434980290
-7852 242.46910821939458
-7848 244.89841322377132
-7844 247.32289085690177
-7840 249.74260159197658
-7836 252.15760422545478
-7832 254.56795644038379
-7828 256.97371447214012
-7824 259.37493342762096
-7820 261.77166712381844
-7816 264.16396827379850
-7812 266.55188841688531
-7808 268.93547803196297
-7804 271.31478651534219
-7800 273.68986225422219
-7796 276.06075262870862
-7792 278.42750406315918
-7788 280.79016203988463
-7784 283.14877113791369
-7780 285.50337505185873
-7776 287.85401662322929
-7772 290.20073786111538
-7768 292.54357996882190
-7764 294.88258336469673
-7760 297.21778770560322
-7756 299.54923190709432
-7752 301.87695416457387
-7748 304.20099197246804
-7744 306.52138214357211
-7740 308.83816082709760
-7736 311.15136352651231
-7732 313.46102511645283
-7728 315.76717985926293
-7724 318.06986142081336
-7720 320.36910288588651
-7716 322.66493677296721
-7712 324.95739504858833
-7708 327.24650914116329
-7704 329.53230995438673
-7700 331.81482788017928
-7696 334.09409281122369
-7692 336.37013415308888
-7688 338.64298083597211
-7684 340.91266132606478
-7680 343.17920363656334
-7676 345.44263533833448
-7672 347.70298357025109
-7668 349.96027504920960
-7664 352.21453607984214
-7660 354.46579256393414
-7656 356.71407000955905
-7652 358.95939353994033
-7648 361.20178790205093
-7644 363.44127747495995
-7640 365.67788627793550
-7636 367.91163797831274
-7632 370.14255589913552
-7628 372.37066302657953
-7624 374.59598201716495
-7620 376.81853520476571
-7616 379.03834460742272
-7612 381.25543193396772
-7608 383.46981859046423
-7604 385.68152568647206
-7600 387.89057404114110
-7596 390.09698418914039
-7592 392.30077638642783
-7588 394.50197061586590
-7584 396.70058659268852
-7580 398.89664376982383
-7576 401.09016134307769
-7572 403.28115825618244
-7568 405.46965320571510
-7564 407.65566464588942
-7560 409.83921079322558
-7556 412.02030963110157
-7552 414.19897891418989
-7548 416.37523617278312
-7544 418.54909871701193
-7540 420.72058364095872
-7536 422.88970782667015
-7532 425.05648794807163
-7528 427.22094047478682
-7524 429.38308167586479
-7520 431.54292762341783
-7516 433.70049419617250
-7512 435.85579708293640
-7508 438.00885178598322
-7504 440.15967362435846
-7500 442.30827773710813
-7496 444.45467908643260
-7492 446.59889246076779
-7488 448.74093247779578
-7484 450.88081358738689
-7480 453.01855007447502
-7476 455.15415606186833
-7472 457.28764551299685
-7468 459.41903223459901
-7464 461.54832987934853
-7460 463.67555194842349
-7456 465.80071179401914
-7452 467.92382262180586
-7448 470.04489749333388
-7444 472.16394932838617
-7440 474.28099090728079
-7436 476.39603487312426
-7432 478.50909373401692
-7428 480.62017986521192
-7424 482.72930551122874
-7420 484.83648278792261
-7416 486.94172368451090
-7412 489.04504006555763
-7408 491.14644367291717
-7404 493.24594612763806
-7400 495.34355893182818
-7396 497.43929347048210
-7392 499.53316101327151
-7388 501.62517271629984
-7384 503.71533962382182
-7380 505.80367266992883
-7376 507.89018268020107
-7372 509.97488037332707
-7368 512.05777636269168
-7364 514.13888115793298
-7360 516.21820516646911
-7356 518.29575869499560
-7352 520.37155195095397
-7348 522.44559504397230
-7344 524.51789798727835
-7340 526.58847069908596
-7336 528.65732300395537
-7332 530.72446463412797
-7328 532.78990523083622
-7324 534.85365434558913
-7320 536.91572144143411
-7316 538.97611589419548
-7312 541.03484699369033
-7308 543.09192394492224
-7304 545.14735586925329
-7300 547.20115180555487
-7296 549.25332071133788
-7292 551.30387146386257
-7288 553.35281286122866
-7284 555.40015362344611
-7280 557.44590239348696
-7276 559.49006773831863
-7272 561.53265814991917
-7268 563.57368204627480
-7264 565.61314777236005
-7260 567.65106360110112
-7256 569.68743773432243
-7252 571.72227830367718
-7248 573.75559337156186
-7244 575.78739093201530
-7240 577.81767891160249
-7236 579.84646517028349
-7232 581.87375750226780
-7228 583.89956363685444
-7224 585.92389123925805
-7220 587.94674791142126
-7216 589.96814119281380
-7212 591.98807856121828
-7208 594.00656743350329
-7204 596.02361516638382
-7200 598.03922905716936
-7196 600.05341634449987
-7192 602.06618420907001
-7188 604.07753977434162
-7184 606.08749010724499
-7180 608.09604221886881
-7176 610.10320306513935
-7172 612.10897954748881
-7168 614.11337851351326
-7164 616.11640675762024
-7160 618.11807102166627
-7156 620.11837799558449
-7152 622.11733431800258
-7148 624.11494657685118
-7144 626.11122130996297
-7140 628.10616500566261
-7136 630.09978410334766
-7132 632.09208499406078
-7128 634.08307402105321
-7124 636.07275748033983
-7120 638.06114162124586
-7116 640.04823264694547
-7112 642.03403671499228
-7108 644.01855993784215
-7104 646.00180838336808
-7100 647.98378807536775
-7096 649.96450499406342
-7092 651.94396507659471
-7088 653.92217421750414
-7084 655.89913826921565
-7080 657.87486304250624
-7076 659.84935430697084
-7072 661.82261779148052
-7068 663.79465918463412
-7064 665.76548413520359
-7060 667.73509825257293
-7056 669.70350710717094
-7052 671.67071623089795
-7048 673.63673111754659
-7044 675.60155722321660
-7040 677.56519996672400
-7036 679.52766473000450
-7032 681.48895685851144
-7028 683.44908166160821
-7024 685.40804441295528
-7020 687.36585035089206
-7016 689.32250467881345
-7012 691.27801256554137
-7008 693.23237914569129
-7004 695.18560952003378
-7000 697.13770875585129
-6996 699.08868188729013
-6992 701.03853391570778
-6988 702.98726981001562
-6984 704.93489450701715
-6980 706.88141291174173
-6976 708.82682989777399
-6972 710.77115030757894
-6968 712.71437895282281
-6964 714.65652061468983
-6960 716.59758004419483
-6956 718.53756196249185
-6952 720.47647106117888
-6948 722.41431200259857
-6944 724.35108942013525
-6940 726.28680791850808
-6936 728.22147207406061
-6932 730.15508643504662
-6928 732.08765552191240
-6924 734.01918382757552
-6920 735.94967581770013
-6916 737.87913593096886
-6912 739.80756857935132
-6908 741.73497814836938
-6904 743.66136899735910
-6900 745.58674545972956
-6896 747.51111184321845
-6892 749.43447243014466
-6888 751.35683147765776
-6884 753.27819321798446
-6880 755.19856185867218
-6876 757.11794158282968
-6872 759.03633654936482
-6868 760.95375089321952
-6864 762.87018872560191
-6860 764.78565413421585
-6856 766.70015118348762
-6852 768.61368391479004
-6848 770.52625634666405
-6844 772.43787247503754
-6840 774.34853627344188
-6836 776.25825169322575
-6832 778.16702266376668
-6828 780.07485309268010
-6824 781.98174686602602
-6820 783.88770784851336
-6816 785.79273988370206
-6812 787.69684679420277
-6808 789.60003238187445
-6804 791.50230042801969
-6800 793.40365469357785
-6796 795.30409891931614
-6792 797.20363682601851
-6788 799.10227211467251
-6784 801.00000846665413
-6780 802.89684954391056
-6776 804.79279898914102
-6772 806.68786042597565
-6768 808.58203745915243
-6764 810.47533367469223
-6760 812.36775264007200
-6756 814.25929790439609
-6752 816.14997299856582
-6748 818.03978143544718
-6744 819.92872671003684
-6740 821.81681229962637
-6736 823.70404166396484
-6732 825.59041824541962
-6728 827.47594546913560
-6724 829.36062674319279
-6720 831.24446545876221
-6716 833.12746499026031
-6712 835.00962869550176
-6708 836.89095991585072
-6704 838.77146197637058
-6700 840.65113818597219
-6696 842.52999183756068
-6692 844.40802620818073
-6688 846.28524455916051
-6684 848.16165013625411
-6680 850.03724616978267
-6676 851.91203587477407
-6672 853.78602245110130
-6668 855.65920908361951
-6664 857.53159894230171
-6660 859.40319518237323
-6656 861.27400094444487
-6652 863.14401935464478
-6648 865.01325352474917
-6644 866.88170655231171
-6640 868.74938152079181
-6636 870.61628149968171
-6632 872.48240954463229
-6628 874.34776869757793
-6624 876.21236198686005
-6620 878.07619242734965
-6616 879.93926302056872
-6612 881.80157675481053
-6608 883.66313660525893
-6604 885.52394553410656
-6600 887.38400649067197
-6596 889.24332241151584
-6592 891.10189622055611
-6588 892.95973082918215
-6584 894.81682913636793
-6580 896.67319402878430
-6576 898.52882838091026
-6572 900.38373505514333
-6568 902.23791690190898
-6564 904.09137675976923
-6560 905.94411745553030
-6556 907.79614180434939
-6552 909.64745260984064
-6548 911.49805266418024
-6544 913.34794474821070
-6540 915.19713163154427
-6536 917.04561607266566
-6532 918.89340081903388
-6528 920.74048860718333
-6524 922.58688216282415
-6520 924.43258420094180
-6516 926.27759742589597
-6512 928.12192453151864
-6508 929.96556820121159
-6504 931.80853110804310
-6500 933.65081591484403
-6496 935.49242527430324
-6492 937.33336182906229
-6488 939.17362821180962
-6484 941.01322704537397
-6480 942.85216094281732
-6476 944.69043250752710
-6472 946.52804433330797
-6468 948.36499900447288
-6464 950.20129909593366
-6460 952.03694717329110
-6456 953.87194579292436
-6452 955.70629750208006
-6448 957.54000483896070
-6444 959.37307033281272
-6440 961.20549650401399
-6436 963.03728586416095
-6432 964.86844091615520
-6428 966.69896415428977
-6424 968.52885806433490
-6420 970.35812512362347
-6416 972.18676780113606
-6412 974.01478855758558
-6408 975.84218984550165
-6404 977.66897410931461
-6400 979.49514378543918
-6396 981.32070130235787
-6392 983.14564908070412
-6388 984.96998953334516
-6384 986.79372506546459
-6380 988.61685807464484
-6376 990.43939095094931
-6372 992.26132607700437
-6368 994.08266582808125
-6364 995.90341257217767
-6360 997.72356867009943
-6356 999.54313647554183
-6352 1001.3621183351711
-6348 1003.1805165887055
-6344 1004.9983335689970
-6340 1006.8155716021118
-6336 1008.6322330074123
-6332 1010.4483200976379
-6328 1012.2638351789863
-6324 1014.0787805511947
-6320 1015.8931585076219
-6316 1017.7069713353288
-6312 1019.5202213151608
-6308 1021.3329107218295
-6304 1023.1450418239943
-6300 1024.9566168843449
-6296 1026.7676381596837
-6292 1028.5781079010082
-6288 1030.3880283535942
-6284 1032.1974017570786
-6280 1034.0062303455432
-6276 1035.8145163475987
-6272 1037.6222619864683
-6268 1039.4294694800727
-6264 1041.2361410411150
-6260 1043.0422788771661
-6256 1044.8478851907502
-6252 1046.6529621794314
-6248 1048.4575120359004
-6244 1050.2615369480615
-6240 1052.0650390991205
-6236 1053.8680206676731
-6232 1055.6704838277931
-6228 1057.4724307491224
-6224 1059.2738635969604
-6220 1061.0747845323546
-6216 1062.8751957121915
-6212 1064.6750992892882
-6208 1066.4744974124843
-6204 1068.2733922267349
-6200 1070.0717858732037
-6196 1071.8696804893563
-6192 1073.6670782090552
-6188 1075.4639811626540
-6184 1077.2603914770930
-6180 1079.0563112759948
-6176 1080.8517426797606
-6172 1082.6466878056663
-6168 1084.4411487679602
-6164 1086.2351276779596
-6160 1088.0286266441484
-6156 1089.8216477722749
-6152 1091.6141931654494
-6148 1093.4062649242425
-6144 1095.1978651467821
-6140 1096.9889959288521
-6136 1098.7796593639888
-6132 1100.5698575435791
-6128 1102.3595925569563
-6124 1104.1488664914971
-6120 1105.9376814327162
-6116 1107.7260394643616
-6112 1109.5139426685077
-6108 1111.3013931256480
-6104 1113.0883929147859
-6100 1114.8749441135244
-6096 1116.6610487981538
-6092 1118.4467090437372
-6088 1120.2319269241943
-6084 1122.0167045123824
-6080 1123.8010438801746
-6076 1125.5849470985354
-6072 1127.3684162375924
-6068 1129.1514533667048
-6064 1130.9340605545280
-6060 1132.7162398690738
-6056 1134.4979933777659
-6052 1136.2793231474902
-6048 1138.0602312446406
-6044 1139.8407197351577
-6040 1141.6207906845622
-6036 1143.4004461579813
-6032 1145.1796882201679
-6028 1146.9585189355123
-6024 1148.7369403680456
-6020 1150.5149545814348
-6016 1152.2925636389682
-6012 1154.0697696035319
-6008 1155.8465745375748
-6004 1157.6229805030641
-6000 1159.3989895614283
-5996 1161.1746037734889
-5992 1162.9498251993785
-5988 1164.7246558984468
-5984 1166.4990979291513
-5980 1168.2731533489346
-5976 1170.0468242140853
-5972 1171.8201125795841
-5968 1173.5930204989320
-5964 1175.3655500239620
-5960 1177.1377032046327
-5956 1178.9094820888027
-5952 1180.6808887219864
-5948 1182.4519251470885
-5944 1184.2225934041191
-5940 1185.9928955298862
-5936 1187.7628335576668
-5932 1189.5324095168548
-5928 1191.3016254325857
-5924 1193.0704833253372
-5920 1194.8389852105052
-5916 1196.6071330979546
-5912 1198.3749289915443
-5908 1200.1423748886262
-5904 1201.9094727795167
-5900 1203.6762246469422
-5896 1205.4426324654564
-5892 1207.2086982008291
-5888 1208.9744238094084
-5884 1210.7398112374528
-5880 1212.5048624204354
-5876 1214.2695792823199
-5872 1216.0339637348066
-5868 1217.7980176765506
-5864 1219.5617429923507
-5860 1221.3251415523104
-5856 1223.0882152109697
-5852 1224.8509658064100
-5848 1226.6133951593306
-5844 1228.3755050720985
-5840 1230.1372973277718
-5836 1231.8987736890976
-5832 1233.6599358974844
-5828 1235.4207856719507
-5824 1237.1813247080511
-5820 1238.9415546767795
-5816 1240.7014772234524
-5812 1242.4610939665723
-5808 1244.2204064966734
-5804 1245.9794163751506
-5800 1247.7381251330738
-5796 1249.4965342699892
-5792 1251.2546452527090
-5788 1253.0124595140918
-5784 1254.7699784518163
-5780 1256.5272034271487
-5776 1258.2841357637082
-5772 1260.0407767462310
-5768 1261.7971276193362
-5764 1263.5531895862962
-5760 1265.3089638078129
-5756 1267.0644514008039
-5752 1268.8196534371999
-5748 1270.5745709427569
-5744 1272.3292048958852
-5740 1274.0835562264988
-5736 1275.8376258148870
-5732 1277.5914144906114
-5728 1279.3449230314311
-5724 1281.0981521622591
-5720 1282.8511025541515
-5716 1284.6037748233338
-5712 1286.3561695302653
-5708 1288.1082871787458
-5704 1289.8601282150658
-5700 1291.6116930272032
-5696 1293.3629819440688
-5692 1295.1139952348030
-5688 1296.8647331081258
-5684 1298.6151957117420
-5680 1300.3653831318031
-5676 1302.1152953924291
-5672 1303.8649324552903
-5668 1305.6142942192512
-5664 1307.3633805200778
-5660 1309.1121911302101
-5656 1310.8607257585992
-5652 1312.6089840506116
-5648 1314.3569655880000
-5644 1316.1046698889424
-5640 1317.8520964081478
-5636 1319.5992445370307
-5632 1321.3461136039534
-5628 1323.0927028745348
-5624 1324.8390115520274
-5620 1326.5850387777601
-5616 1328.3307836316464
-5612 1330.0762451327572
-5608 1331.8214222399572
-5604 1333.5663138526030
-5600 1335.3109188113015
-5596 1337.0552358987274
-5592 1338.7992638404976
-5588 1340.5430013061003
-5584 1342.2864469098771
-5580 1344.0295992120561
-5576 1345.7724567198333
-5572 1347.5150178884991
-5568 1349.2572811226095
-5564 1350.9992447771974
-5560 1352.7409071590217
-5556 1354.4822665278528
-5552 1356.2233210977896
-5548 1357.9640690386073
-5544 1359.7045084771314
-5540 1361.4446374986361
-5536 1363.1844541482642
-5532 1364.9239564324645
-5528 1366.6631423204456
-5524 1368.4020097456416
-5520 1370.1405566071885
-5516 1371.8787807714067
-5512 1373.6166800732884
-5508 1375.3542523179868
-5504 1377.0914952823042
-5500 1378.8284067161766
-5496 1380.5649843441530
-5492 1382.3012258668654
-5488 1384.0371289624898
-5484 1385.7726912881932
-5480 1387.5079104815666
-5476 1389.2427841620409
-5472 1390.9773099322847
-5468 1392.7114853795809
-5464 1394.4453080771821
-5460 1396.1787755856417
-5456 1397.9118854541201
-5452 1399.6446352216650
-5448 1401.3770224184633
-5444 1403.1090445670645
-5440 1404.8406991835746
-5436 1406.5719837788190
-5432 1408.3028958594734
-5428 1410.0334329291640
-5424 1411.7635924895329
-5420 1413.4933720412716
-5416 1415.2227690851205
-5412 1416.9517811228335
-5408 1418.6804056581094
-5404 1420.4086401974882
-5400 1422.1364822512131
-5396 1423.8639293340577
-5392 1425.5909789661191
-5388 1427.3176286735764
-5384 1429.0438759894157
-5380 1430.7697184541203
-5376 1432.4951536163286
-5372 1434.2201790334577
-5368 1435.9447922722960
-5364 1437.6689909095614
-5360 1439.3927725324305
-5356 1441.1161347390342
-5352 1442.8390751389249
-5348 1444.5615913535126
-5344 1446.2836810164727
-5340 1448.0053417741244
-5336 1449.7265712857822
-5332 1451.4473672240800
-5328 1453.1677272752689
-5324 1454.8876491394897
-5320 1456.6071305310203
-5316 1458.3261691784992
-5312 1460.0447628251264
-5308 1461.7629092288407
-5304 1463.4806061624768
-5300 1465.1978514139000
-5296 1466.9146427861225
-5292 1468.6309780973990
-5288 1470.3468551813044
-5284 1472.0622718867942
-5280 1473.7772260782468
-5276 1475.4917156354907
-5272 1477.2057384538154
-5268 1478.9192924439678
-5264 1480.6323755321349
-5260 1482.3449856599122
-5256 1484.0571207842604
-5252 1485.7687788774494
-5248 1487.4799579269912
-5244 1489.1906559355622
-5240 1490.9008709209146
-5236 1492.6106009157797
-5232 1494.3198439677605
-5228 1496.0285981392174
-5224 1497.7368615071454
-5220 1499.4446321630440
-5216 1501.1519082127803
-5212 1502.8586877764462
-5208 1504.5649689882090
-5204 1506.2707499961577
-5200 1507.9760289621435
-5196 1509.6808040616164
-5192 1511.3850734834569
-5188 1513.0888354298053
-5184 1514.7920881158865
-5180 1516.4948297698328
-5176 1518.1970586325029
-5172 1519.8987729573002
-5168 1521.5999710099879
-5164 1523.3006510685029
-5160 1525.0008114227681
-5156 1526.7004503745044
-5152 1528.3995662370408
-5148 1530.0981573351242
-5144 1531.7962220047295
-5140 1533.4937585928688
-5136 1535.1907654574010
-5132 1536.8872409668414
-5128 1538.5831835001721
-5124 1540.2785914466530
-5120 1541.9734632056331
-5116 1543.6677971863631
-5112 1545.3615918078093
-5108 1547.0548454984684
-5104 1548.7475566961834
-5100 1550.4397238479615
-5096 1552.1313454097932
-5092 1553.8224198464733
-5088 1555.5129456314233
-5084 1557.2029212465159
-5080 1558.8923451819015
-5076 1560.5812159358364
-5072 1562.2695320145131
-5068 1563.9572919318932
-5064 1565.6444942095415
-5060 1567.3311373764634
-5056 1569.0172199689436
-5052 1570.7027405303878
-5048 1572.3876976111662
-5044 1574.0720897684599
-5040 1575.7559155661088
-5036 1577.4391735744631
-5032 1579.1218623702358
-5028 1580.8039805363591
-5024 1582.4855266618418
-5020 1584.1664993416304
-5016 1585.8468971764716
-5012 1587.5267187727777
-5008 1589.2059627424949
-5004 1590.8846277029727
-5000 1592.5627122768373
-4996 1594.2402150918662
-4992 1595.9171347808657
-4988 1597.5934699815508
-4984 1599.2692193364274
-4980 1600.9443814926765
-4976 1602.6189551020414
-4972 1604.2929388207167
-4968 1605.9663313092397
-4964 1607.6391312323838
-4960 1609.3113372590551
-4956 1610.9829480621897
-4952 1612.6539623186545
-4948 1614.3243787091496
-4944 1615.9941959181125
-4940 1617.6634126336251
-4936 1619.3320275473225
-4932 1621.0000393543035
-4928 1622.6674467530434
-4924 1624.3342484453088
-4920 1626.0004431360745
-4916 1627.6660295334417
-4912 1629.3310063485588
-4908 1630.9953722955436
-4904 1632.6591260914076
-4900 1634.3222664559816
-4896 1635.9847921118438
-4892 1637.6467017842490
-4888 1639.3079942010599
-4884 1640.9686680926794
-4880 1642.6287221919857
-4876 1644.2881552342677
-4872 1645.9469659571629
-4868 1647.6051531005964
-4864 1649.2627154067213
-4860 1650.9196516198611
-4856 1652.5759604864531
-4852 1654.2316407549931
-4848 1655.8866911759821
-4844 1657.5411105018736
-4840 1659.1948974870226
-4836 1660.8480508876362
-4832 1662.5005694617247
-4828 1664.1524519690547
-4824 1665.8036971711028
-4820 1667.4543038310111
-4816 1669.1042707135431
-4812 1670.7535965850414
-4808 1672.4022802133863
-4804 1674.0503203679550
-4800 1675.6977158195828
-4796 1677.3444653405244
-4792 1678.9905677044166
-4788 1680.6360216862422
-4784 1682.2808260622942
-4780 1683.9249796101420
-4776 1685.5684811085969
-4772 1687.2113293376802
-4768 1688.8535230785910
-4764 1690.4950611136752
-4760 1692.1359422263957
-4756 1693.7761652013024
-4752 1695.4157288240041
-4748 1697.0546318811404
-4744 1698.6928731603546
-4740 1700.3304514502674
-4736 1701.9673655404511
-4732 1703.6036142214046
-4728 1705.2391962845291
-4724 1706.8741105221040
-4720 1708.5083557272645
-4716 1710.1419306939783
-4712 1711.7748342170241
-4708 1713.4070650919706
-4704 1715.0386221151548
-4700 1716.6695040836627
-4696 1718.2997097953091
-4692 1719.9292380486185
-4688 1721.5580876428063
-4684 1723.1862573777609
-4680 1724.8137460540257
-4676 1726.4405524727817
-4672 1728.0666754358312
-4668 1729.6921137455808
-4664 1731.3168662050257
-4660 1732.9409316177340
-4656 1734.5643087878318
-4652 1736.1869965199881
-4648 1737.8089936194005
-4644 1739.4302988917811
-4640 1741.0509111433427
-4636 1742.6708291807857
-4632 1744.2900518112850
-4628 1745.9085778424769
-4624 1747.5264060824471
-4620 1749.1435353397187
-4616 1750.7599644232399
-4612 1752.3756921423728
-4608 1753.9907173068823
-4604 1755.6050387269248
-4600 1757.2186552130375
-4596 1758.8315655761284
-4592 1760.4437686274653
-4588 1762.0552631786667
-4584 1763.6660480416912
-4580 1765.2761220288286
-4576 1766.8854839526905
-4572 1768.4941326262006
-4568 1770.1020668625868
-4564 1771.7092854753715
-4560 1773.3157872783639
-4556 1774.9215710856511
-4552 1776.5266357115903
-4548 1778.1309799708007
-4544 1779.7346026781556
-4540 1781.3375026487750
-4536 1782.9396786980180
-4532 1784.5411296414753
-4528 1786.1418542949624
-4524 1787.7418514745122
-4520 1789.3411199963684
-4516 1790.9396586769786
-4512 1792.5374663329875
-4508 1794.1345417812308
-4504 1795.7308838387286
-4500 1797.3264913226791
-4496 1798.9213630504527
-4492 1800.5154978395855
-4488 1802.1088945077740
-4484 1803.7015518728688
-4480 1805.2934687528693
-4476 1806.8846439659178
-4472 1808.4750763302940
-4468 1810.0647646644096
-4464 1811.6537077868033
-4460 1813.2419045161352
-4456 1814.8293536711816
-4452 1816.4160540708303
-4448 1818.0020045340754
-4444 1819.5872038800123
-4440 1821.1716509278329
-4436 1822.7553444968212
-4432 1824.3382834063480
-4428 1825.9204664758669
-4424 1827.5018925249092
-4420 1829.0825603730799
-4416 1830.6624688400530
-4412 1832.2416167455670
-4408 1833.8200029094212
-4404 1835.3976261514706
-4400 1836.9744852916225
-4396 1838.5505791498320
-4392 1840.1259065460979
-4388 1841.7004663004587
-4384 1843.2742572329888
-4380 1844.8472781637945
-4376 1846.4195279130098
-4372 1847.9910053007931
-4368 1849.5617091473231
-4364 1851.1316382727951
-4360 1852.7007914974173
-4356 1854.2691676414073
-4352 1855.8367655249882
-4348 1857.4035839683853
-4344 1858.9696217918223
-4340 1860.5348778155181
-4336 1862.0993508596831
-4332 1863.6630397445159
-4328 1865.2259432901999
-4324 1866.7880603168996
-4320 1868.3493896447581
-4316 1869.9099300938930
-4312 1871.4696804843934
-4308 1873.0286396363167
-4304 1874.5868063696856
-4300 1876.1441795044846
-4296 1877.7007578606570
-4292 1879.2565402581018
-4288 1880.8115255166706
-4284 1882.3657124561645
-4280 1883.9190998963312
-4276 1885.4716866568619
-4272 1887.0234715573884
-4268 1888.5744534174798
-4264 1890.1246310566400
-4260 1891.6740032943049
-4256 1893.2225689498389
-4252 1894.7703268425324
-4248 1896.3172757915993
-4244 1897.8634146161735
-4240 1899.4087421353067
-4236 1900.9532571679651
-4232 1902.4969585330272
-4228 1904.0398450492807
-4224 1905.5819155354199
-4220 1907.1231688100429
-4216 1908.6636036916491
-4212 1910.2032189986366
-4208 1911.7420135492992
-4204 1913.2799861618243
-4200 1914.8171356542897
-4196 1916.3534608446617
-4192 1917.8889605507920
-4188 1919.4236335904153
-4184 1920.9574787811471
-4180 1922.4904949404806
-4176 1924.0226808857847
-4172 1925.5540354343014
-4168 1927.0845574031430
-4164 1928.6142456092904
-4160 1930.1430988695900
-4156 1931.6711160007513
-4152 1933.1982958193451
-4148 1934.7246371418005
-4144 1936.2501387844029
-4140 1937.7747995632915
-4136 1939.2986182944568
-4132 1940.8215937937389
-4128 1942.3437248768242
-4124 1943.8650103592442
-4120 1945.3854490563723
-4116 1946.9050397834222
-4112 1948.4237813554453
-4108 1949.9416725873285
-4104 1951.4587122937920
-4100 1952.9748992893872
-4096 1954.4902323884944
-4092 1956.0047104053207
-4088 1957.5183321538975
-4084 1959.0310964480790
-4080 1960.5430021015394
-4076 1962.0540479277711
-4072 1963.5642327400826
-4068 1965.0735553515962
-4064 1966.5820145752460
-4060 1968.0896092237761
-4056 1969.5963381097379
-4052 1971.1022000454887
-4048 1972.6071938431893
-4044 1974.1113183148019
-4040 1975.6145722720885
-4036 1977.1169545266084
-4032 1978.6184638897164
-4028 1980.1190991725609
-4024 1981.6188591860819
-4020 1983.1177427410090
-4016 1984.6157486478593
-4012 1986.1128757169357
-4008 1987.6091227583248
-4004 1989.1044885818953
-4000 1990.5989719972955
-3996 1992.0925718139520
-3992 1993.5852868410676
-3988 1995.0771158876192
-3984 1996.5680577623562
-3980 1998.0581112737988
-3976 1999.5472752302356
-3972 2001.0355484397224
-3968 2002.5229297100800
-3964 2004.0094178488924
-3960 2005.4950116635053
-3956 2006.9797099610238
-3952 2008.4635115483113
-3948 2009.9464152319870
-3944 2011.4284198184248
-3940 2012.9095241137510
-3936 2014.3897269238430
-3932 2015.8690270543273
-3928 2017.3474233105779
-3924 2018.8249144977147
-3920 2020.3014994206014
-3916 2021.7771768838444
-3912 2023.2519456917907
-3908 2024.7258046485261
-3904 2026.1987525578742
-3900 2027.6707882233941
-3896 2029.1419104483792
-3892 2030.6121180358551
-3888 2032.0814097885785
-3884 2033.5497845090353
-3880 2035.0172409994391
-3876 2036.4837780617295
-3872 2037.9493944975707
-3868 2039.4140891083497
-3864 2040.8778606951750
-3860 2042.3407080588749
-3856 2043.8026299999959
-3852 2045.2636253188013
-3848 2046.7236928152698
-3844 2048.1828312890935
-3840 2049.6410395396769
-3836 2051.0983163661353
-3832 2052.5546605672931
-3828 2054.0100709416825
-3824 2055.4645462875422
-3820 2056.9180854028153
-3816 2058.3706870851488
-3812 2059.8223501318913
-3808 2061.2730733400922
-3804 2062.7228555064998
-3800 2064.1716954275603
-3796 2065.6195918994160
-3792 2067.0665437179042
-3788 2068.5125496785559
-3784 2069.9576085765940
-3780 2071.4017192069324
-3776 2072.8448803641743
-3772 2074.2870908426110
-3768 2075.7283494362206
-3764 2077.1686549386667
-3760 2078.6080061432968
-3756 2080.0464018431415
-3752 2081.4838408309126
-3748 2082.9203218990022
-3744 2084.3558438394813
-3740 2085.7904054440987
-3736 2087.2240055042795
-3732 2088.6566428111236
-3728 2090.0883161554054
-3724 2091.5190243275713
-3720 2092.9487661177394
-3716 2094.3775403156981
-3712 2095.8053457109046
-3708 2097.2321810924837
-3704 2098.6580452492271
-3700 2100.0829369695917
-3696 2101.5068550416986
-3692 2102.9297982533319
-3688 2104.3517653919377
-3684 2105.7727552446226
-3680 2107.1927665981531
-3676 2108.6117982389538
-3672 2110.0298489531068
-3668 2111.4469175263503
-3664 2112.8630027440777
-3660 2114.2781033913364
-3656 2115.6922182528265
-3652 2117.1053461129002
-3648 2118.5174857555601
-3644 2119.9286359644588
-3640 2121.3387955228973
-3636 2122.7479632138242
-3632 2124.1561378198349
-3628 2125.5633181231699
-3624 2126.9695029057145
-3620 2128.3746909489972
-3616 2129.7788810341893
-3612 2131.1820719421032
-3608 2132.5842624531920
-3604 2133.9854513475483
-3600 2135.3856374049032
-3596 2136.7848194046253
-3592 2138.1829961257200
-3588 2139.5801663468281
-3584 2140.9763288462256
-3580 2142.3714824018217
-3576 2143.7656257911591
-3572 2145.1587577914121
-3568 2146.5508771793862
-3564 2147.9419827315172
-3560 2149.3320732238700
-3556 2150.7211474321382
-3552 2152.1092041316427
-3548 2153.4962420973315
-3544 2154.8822601037780
-3540 2156.2672569251811
-3536 2157.6512313353635
-3532 2159.0341821077717
-3528 2160.4161080154743
-3524 2161.7970078311620
-3520 2163.1768803271464
-3516 2164.5557242753592
-3512 2165.9335384473517
-3508 2167.3103216142936
-3504 2168.6860725469726
-3500 2170.0607900157936
-3496 2171.4344727907776
-3492 2172.8071196415617
-3488 2174.1787293373975
-3484 2175.5493006471510
-3480 2176.9188323393018
-3476 2178.2873231819421
-3472 2179.6547719427764
-3468 2181.0211773891204
-3464 2182.3865382879009
-3460 2183.7508534056545
-3456 2185.1141215085274
-3452 2186.4763413622745
-3448 2187.8375117322591
-3444 2189.1976313834518
-3440 2190.5566990804301
-3436 2191.9147135873782
-3432 2193.2716736680855
-3428 2194.6275780859468
-3424 2195.9824256039616
-3420 2197.3362149847330
-3416 2198.6889449904678
-3412 2200.0406143829756
-3408 2201.3912219236682
-3404 2202.7407663735592
-3400 2204.0892464932637
-3396 2205.4366610429972
-3392 2206.7830087825755
-3388 2208.1282884714144
-3384 2209.4724988685285
-3380 2210.8156387325315
-3376 2212.1577068216353
-3372 2213.4987018936496
-3368 2214.8386227059814
-3364 2216.1774680156347
-3360 2217.5152365792100
-3356 2218.8519271529039
-3352 2220.1875384925087
-3348 2221.5220693534117
-3344 2222.8555184905953
-3340 2224.1878846586364
-3336 2225.5191666117058
-3332 2226.8493631035681
-3328 2228.1784728875814
-3324 2229.5064947166966
-3320 2230.8334273434574
-3316 2232.1592695199999
-3312 2233.4840199980522
-3308 2234.8076775289341
-3304 2236.1302408635568
-3300 2237.4517087524226
-3296 2238.7720799456249
-3292 2240.0913531928474
-3288 2241.4095272433642
-3284 2242.7266008460395
-3280 2244.0425727493275
-3276 2245.3574417012716
-3272 2246.6712064495050
-3268 2247.9838657412499
-3264 2249.2954183233173
-3260 2250.6058629421073
-3256 2251.9151983436083
-3252 2253.2234232733973
-3248 2254.5305364766397
-3244 2255.8365366980886
-3240 2257.1414226820854
-3236 2258.4451931725592
-3232 2259.7478469130270
-3228 2261.0493826465933
-3224 2262.3497991159500
-3220 2263.6490950633766
-3216 2264.9472692307398
-3212 2266.2443203594938
-3208 2267.5402471906798
-3204 2268.8350484649263
-3200 2270.1287229224488
-3196 2271.4212693030501
-3192 2272.7126863461199
-3188 2274.0029727906351
-3184 2275.2921273751598
-3180 2276.5801488378449
-3176 2277.8670359164287
-3172 2279.1527873482367
-3168 2280.4374018701813
-3164 2281.7208782187626
-3160 2283.0032151300678
-3156 2284.2844113397715
-3152 2285.5644655831360
-3148 2286.8433765950111
-3144 2288.1211431098343
-3140 2289.3977638616311
-3136 2290.6732375840149
-3132 2291.9475630101874
-3128 2293.2207388729384
-3124 2294.4927639046462
-3120 2295.7636368372779
-3116 2297.0333564023894
-3112 2298.3019213311255
-3108 2299.5693303542204
-3104 2300.8355822019979
-3100 2302.1006756043712
-3096 2303.3646092908438
-3092 2304.6273819905093
-3088 2305.8889924320518
-3084 2307.1494393437462
-3080 2308.4087214534584
-3076 2309.6668374886459
-3072 2310.9237861763577
-3068 2312.1795662432350
-3064 2313.4341764155114
-3060 2314.6876154190129
-3056 2315.9398819791591
-3052 2317.1909748209628
-3048 2318.4408926690305
-3044 2319.6896342475634
-3040 2320.9371982803571
-3036 2322.1835834908024
-3032 2323.4287886018856
-3028 2324.6728123361889
-3024 2325.9156534158913
-3020 2327.1573105627684
-3016 2328.3977824981933
-3012 2329.6370679431372
-3008 2330.8751656181695
-3004 2332.1120742434587
-3000 2333.3477925387728
-2996 2334.5823192234798
-2992 2335.8156530165483
-2988 2337.0477926365481
-2984 2338.2787368016507
-2980 2339.5084842296303
-2976 2340.7370336378636
-2972 2341.9643837433312
-2968 2343.1905332626180
-2964 2344.4154809119136
-2960 2345.6392254070133
-2956 2346.8617654633187
-2952 2348.0830997958382
-2948 2349.3032271191879
-2944 2350.5221461475923
-2940 2351.7398555948850
-2936 2352.9563541745094
-2932 2354.1716405995194
-2928 2355.3857135825804
-2924 2356.5985718359701
-2920 2357.8102140715787
-2916 2359.0206390009106
-2912 2360.2298453350846
-2908 2361.4378317848350
-2904 2362.6445970605123
-2900 2363.8501398720841
-2896 2365.0544589291362
-2892 2366.2575529408733
-2888 2367.4594206161198
-2884 2368.6600606633210
-2880 2369.8594717905438
-2876 2371.0576527054777
-2872 2372.2546021154360
-2868 2373.4503187273565
-2864 2374.6448012478025
-2860 2375.8380483829640
-2856 2377.0300588386585
-2852 2378.2208313203324
-2848 2379.4103645330616
-2844 2380.5986571815527
-2840 2381.7857079701444
-2836 2382.9715156028083
-2832 2384.1560787831498
-2828 2385.3393962144098
-2824 2386.5214665994655
-2820 2387.7022886408313
-2816 2388.8818610406607
-2812 2390.0601825007466
-2808 2391.2372517225233
-2804 2392.4130674070671
-2800 2393.5876282550980
-2796 2394.7609329669805
-2792 2395.9329802427255
-2788 2397.1037687819907
-2784 2398.2732972840827
-2780 2399.4415644479579
-2776 2400.6085689722238
-2772 2401.7743095551406
-2768 2402.9387848946224
-2764 2404.1019936882385
-2760 2405.2639346332149
-2756 2406.4246064264356
-2752 2407.5840077644441
-2748 2408.7421373434450
-2744 2409.8989938593051
-2740 2411.0545760075551
-2736 2412.2088824833910
-2732 2413.3619119816757
-2728 2414.5136631969404
-2724 2415.6641348233863
-2720 2416.8133255548857
-2716 2417.9612340849843
-2712 2419.1078591069021
-2708 2420.2531993135356
-2704 2421.3972533974588
-2700 2422.5400200509252
-2696 2423.6814979658696
-2692 2424.8216858339092
-2688 2425.9605823463461
-2684 2427.0981861941681
-2680 2428.2344960680512
-2676 2429.3695106583608
-2672 2430.5032286551538
-2668 2431.6356487481801
-2664 2432.7667696268847
-2660 2433.8965899804092
-2656 2435.0251084975937
-2652 2436.1523238669789
-2648 2437.2782347768077
-2644 2438.4028399150269
-2640 2439.5261379692896
-2636 2440.6481276269569
-2632 2441.7688075750994
-2628 2442.8881765005001
-2624 2444.0062330896552
-2620 2445.1229760287771
-2616 2446.2384040037958
-2612 2447.3525157003613
-2608 2448.4653098038453
-2604 2449.5767849993435
-2600 2450.6869399716774
-2596 2451.7957734053970
-2592 2452.9032839847821
-2588 2454.0094703938451
-2584 2455.1143313163328
-2580 2456.2178654357288
-2576 2457.3200714352555
-2572 2458.4209479978764
-2568 2459.5204938062981
-2564 2460.6187075429732
-2560 2461.7155878901019
-2556 2462.8111335296344
-2552 2463.9053431432735
-2548 2464.9982154124769
-2544 2466.0897490184591
-2540 2467.1799426421942
-2536 2468.2687949644184
-2532 2469.3563046656318
-2528 2470.4424704261016
-2524 2471.5272909258638
-2520 2472.6107648447261
-2516 2473.6928908622706
-2512 2474.7736676578557
-2508 2475.8530939106191
-2504 2476.9311682994800
-2500 2478.0078895031422
-2496 2479.0832562000961
-2492 2480.1572670686216
-2488 2481.2299207867908
-2484 2482.3012160324706
-2480 2483.3711514833250
-2476 2484.4397258168186
-2472 2485.5069377102184
-2468 2486.5727858405972
-2464 2487.6372688848362
-2460 2488.7003855196274
-2456 2489.7621344214772
-2452 2490.8225142667082
-2448 2491.8815237314629
-2444 2492.9391614917061
-2440 2493.9954262232282
-2436 2495.0503166016475
-2432 2496.1038313024135
-2428 2497.1559690008101
-2424 2498.2067283719580
-2420 2499.2561080908182
-2416 2500.3041068321946
-2412 2501.3507232707374
-2408 2502.3959560809459
-2404 2503.4398039371719
-2400 2504.4822655136223
-2396 2505.5233394843629
-2392 2506.5630245233208
-2388 2507.6013193042883
-2384 2508.6382225009255
-2380 2509.6737327867639
-2376 2510.7078488352095
-2372 2511.7405693195462
-2368 2512.7718929129389
-2364 2513.8018182884367
-2360 2514.8303441189768
-2356 2515.8574690773872
-2352 2516.8831918363906
-2348 2517.9075110686073
-2344 2518.9304254465591
-2340 2519.9519336426727
-2336 2520.9720343292827
-2332 2521.9907261786356
-2328 2523.0080078628933
-2324 2524.0238780541364
-2320 2525.0383354243678
-2316 2526.0513786455166
-2312 2527.0630063894413
-2308 2528.0732173279337
-2304 2529.0820101327227
-2300 2530.0893834754776
-2296 2531.0953360278121
-2292 2532.0998664612880
-2288 2533.1029734474189
-2284 2534.1046556576743
-2280 2535.1049117634827
-2276 2536.1037404362362
-2272 2537.1011403472941
-2268 2538.0971101679866
-2264 2539.0916485696190
-2260 2540.0847542234753
-2256 2541.0764258008228
-2252 2542.0666619729152
-2248 2543.0554614109975
-2244 2544.0428227863095
-2240 2545.0287447700898
-2236 2546.0132260335804
-2232 2546.9962652480305
-2228 2547.9778610847005
-2224 2548.9580122148665
-2220 2549.9367173098242
-2216 2550.9139750408936
-2212 2551.8897840794226
-2208 2552.8641430967916
-2204 2553.8370507644180
-2200 2554.8085057537602
-2196 2555.7785067363222
-2192 2556.7470523836577
-2188 2557.7141413673749
-2184 2558.6797723591405
-2180 2559.6439440306846
-2176 2560.6066550538048
-2172 2561.5679041003709
-2168 2562.5276898423295
-2164 2563.4860109517085
-2160 2564.4428661006217
-2156 2565.3982539612733
-2152 2566.3521732059629
-2148 2567.3046225070896
-2144 2568.2556005371575
-2140 2569.2051059687796
-2136 2570.1531374746832
-2132 2571.0996937277144
-2128 2572.0447734008428
-2124 2572.9883751671668
-2120 2573.9304976999179
-2116 2574.8711396724659
-2112 2575.8102997583241
-2108 2576.7479766311535
-2104 2577.6841689647687
-2100 2578.6188754331421
-2096 2579.5520947104095
-2092 2580.4838254708748
-2088 2581.4140663890156
-2084 2582.3428161394875
-2080 2583.2700733971302
-2076 2584.1958368369718
-2072 2585.1201051342349
-2068 2586.0428769643411
-2064 2586.9641510029164
-2060 2587.8839259257970
-2056 2588.8022004090340
-2052 2589.7189731288992
-2048 2590.6342427618901
-2044 2591.5480079847358
-2040 2592.4602674744020
-2036 2593.3710199080966
-2032 2594.2802639632753
-2028 2595.1879983176470
-2024 2596.0942216491797
-2020 2596.9989326361054
-2016 2597.9021299569265
-2012 2598.8038122904208
-2008 2599.7039783156478
-2004 2600.6026267119537
-2000 2601.4997561589778
-1996 2602.3953653366578
-1992 2603.2894529252359
-1988 2604.1820176052645
-1984 2605.0730580576119
-1980 2605.9625729634685
-1976 2606.8505610043526
-1972 2607.7370208621162
-1968 2608.6219512189511
-1964 2609.5053507573949
-1960 2610.3872181603373
-1956 2611.2675521110254
-1952 2612.1463512930708
-1948 2613.0236143904549
-1944 2613.8993400875357
-1940 2614.7735270690533
-1936 2615.6461740201369
-1932 2616.5172796263104
-1928 2617.3868425734991
-1924 2618.2548615480358
-1920 2619.1213352366672
-1916 2619.9862623265602
-1912 2620.8496415053087
-1908 2621.7114714609392
-1904 2622.5717508819184
-1900 2623.4304784571586
-1896 2624.2876528760249
-1892 2625.1432728283417
-1888 2625.9973370043991
-1884 2626.8498440949594
-1880 2627.7007927912644
-1876 2628.5501817850411
-1872 2629.3980097685094
-1868 2630.2442754343883
-1864 2631.0889774759027
-1860 2631.9321145867903
-1856 2632.7736854613086
-1852 2633.6136887942415
-1848 2634.4521232809063
-1844 2635.2889876171609
-1840 2636.1242804994102
-1836 2636.9580006246136
-1832 2637.7901466902921
-1828 2638.6207173945347
-1824 2639.4497114360063
-1820 2640.2771275139544
-1816 2641.1029643282160
-1812 2641.9272205792257
-1808 2642.7498949680217
-1804 2643.5709861962543
-1800 2644.3904929661921
-1796 2645.2084139807301
-1792 2646.0247479433966
-1788 2646.8394935583608
-1784 2647.6526495304402
-1780 2648.4642145651079
-1776 2649.2741873685004
-1772 2650.0825666474245
-1768 2650.8893511093655
-1764 2651.6945394624946
-1760 2652.4981304156762
-1756 2653.3001226784758
-1752 2654.1005149611678
-1748 2654.8993059747428
-1744 2655.6964944309158
-1740 2656.4920790421334
-1736 2657.2860585215823
-1732 2658.0784315831966
-1728 2658.8691969416657
-1724 2659.6583533124426
-1720 2660.4458994117514
-1716 2661.2318339565954
-1712 2662.0161556647651
-1708 2662.7988632548463
-1704 2663.5799554462280
-1700 2664.3594309591107
-1696 2665.1372885145142
-1692 2665.9135268342862
-1688 2666.6881446411100
-1684 2667.4611406585131
-1680 2668.2325136108752
-1676 2669.0022622234365
-1672 2669.7703852223064
-1668 2670.5368813344713
-1664 2671.3017492878031
-1660 2672.0649878110679
-1656 2672.8265956339343
-1652 2673.5865714869817
-1648 2674.3449141017090
-1644 2675.1016222105431
-1640 2675.8566945468472
-1636 2676.6101298449300
-1632 2677.3619268400537
-1628 2678.1120842684431
-1624 2678.8606008672940
-1620 2679.6074753747821
-1616 2680.3527065300716
-1612 2681.0962930733244
-1608 2681.8382337457083
-1604 2682.5785272894063
-1600 2683.3171724476253
-1596 2684.0541679646053
-1592 2684.7895125856277
-1588 2685.5232050570251
-1584 2686.2552441261897
-1580 2686.9856285415825
-1576 2687.7143570527426
-1572 2688.4414284102960
-1568 2689.1668413659648
-1564 2689.8905946725765
-1560 2690.6126870840732
-1556 2691.3331173555206
-1552 2692.0518842431174
-1548 2692.7689865042047
-1544 2693.4844228972751
-1540 2694.1981921819822
-1536 2694.9102931191500
-1532 2695.6207244707821
-1528 2696.3294850000714
-1524 2697.0365734714094
-1520 2697.7419886503959
-1516 2698.4457293038482
-1512 2699.1477941998111
-1508 2699.8481821075659
-1504 2700.5468917976408
-1500 2701.2439220418197
-1496 2701.9392716131527
-1492 2702.6329392859652
-1488 2703.3249238358678
-1484 2704.0152240397664
-1480 2704.7038386758715
-1476 2705.3907665237083
-1472 2706.0760063641266
-1468 2706.7595569793107
-1464 2707.4414171527889
-1460 2708.1215856694442
-1456 2708.8000613155235
-1452 2709.4768428786482
-1448 2710.1519291478239
-1444 2710.8253189134505
-1440 2711.4970109673324
-1436 2712.1670041026885
-1432 2712.8352971141627
-1428 2713.5018887978333
-1424 2714.1667779512241
-1420 2714.8299633733139
-1416 2715.4914438645474
-1412 2716.1512182268450
-1408 2716.8092852636131
-1404 2717.4656437797548
-1400 2718.1202925816802
-1396 2718.7732304773165
-1392 2719.4244562761187
-1388 2720.0739687890798
-1384 2720.7217668287415
-1380 2721.3678492092047
-1376 2722.0122147461400
-1372 2722.6548622567980
-1368 2723.2957905600203
-1364 2723.9349984762497
-1360 2724.5724848275413
-1356 2725.2082484375726
-1352 2725.8422881316547
-1348 2726.4746027367427
-1344 2727.1051910814465
-1340 2727.7340519960415
-1336 2728.3611843124798
-1332 2728.9865868644002
-1328 2729.6102584871398
-1324 2730.2321980177445
-1320 2730.8524042949800
-1316 2731.4708761593425
-1312 2732.0876124530700
-1308 2732.7026120201528
-1304 2733.3158737063449
-1300 2733.9273963591748
-1296 2734.5371788279563
-1292 2735.1452199638001
-1288 2735.7515186196244
-1284 2736.3560736501661
-1280 2736.9588839119920
-1276 2737.5599482635100
-1272 2738.1592655649800
-1268 2738.7568346785253
-1264 2739.3526544681436
-1260 2739.9467237997187
-1256 2740.5390415410310
-1252 2741.1296065617695
-1248 2741.7184177335424
-1244 2742.3054739298891
-1240 2742.8907740262909
-1236 2743.4743169001828
-1232 2744.0561014309647
-1228 2744.6361265000126
-1224 2745.2143909906904
-1220 2745.7908937883610
-1216 2746.3656337803979
-1212 2746.9386098561964
-1208 2747.5098209071856
-1204 2748.0792658268395
-1200 2748.6469435106884
-1196 2749.2128528563308
-1192 2749.7769927634450
-1188 2750.3393621338000
-1184 2750.8999598712679
-1180 2751.4587848818351
-1176 2752.0158360736137
-1172 2752.5711123568538
-1168 2753.1246126439544
-1164 2753.6763358494757
-1160 2754.2262808901503
-1156 2754.7744466848951
-1152 2755.3208321548231
-1148 2755.8654362232551
-1144 2756.4082578157312
-1140 2756.9492958600228
-1136 2757.4885492861443
-1132 2758.0260170263649
-1128 2758.5616980152204
-1124 2759.0955911895249
-1120 2759.6276954883828
-1116 2760.1580098532004
-1112 2760.6865332276981
-1108 2761.2132645579218
-1104 2761.7382027922552
-1100 2762.2613468814315
-1096 2762.7826957785450
-1092 2763.3022484390636
-1088 2763.8200038208403
-1084 2764.3359608841252
-1080 2764.8501185915774
-1076 2765.3624759082770
-1072 2765.8730318017371
-1068 2766.3817852419157
-1064 2766.8887352012276
-1060 2767.3938806545564
-1056 2767.8972205792667
-1052 2768.3987539552157
-1048 2768.8984797647656
-1044 2769.3963969927952
-1040 2769.8925046267124
-1036 2770.3868016564656
-1032 2770.8792870745563
-1028 2771.3699598760509
-1024 2771.8588190585926
-1020 2772.3458636224136
-1016 2772.8310925703471
-1012 2773.3145049078394
-1008 2773.7960996429619
-1004 2774.2758757864230
-1000 2774.7538323515806
-996 2775.2299683544534
-992 2775.7042828137340
-988 2776.1767747508000
-984 2776.6474431897265
-980 2777.1162871572982
-976 2777.5833056830215
-972 2778.0484977991361
-968 2778.5118625406279
-964 2778.9733989452403
-960 2779.4331060534865
-956 2779.8909829086617
-952 2780.3470285568553
-948 2780.8012420469624
-944 2781.2536224306964
-940 2781.7041687626010
-936 2782.1528801000618
-932 2782.5997555033189
-928 2783.0447940354787
-924 2783.4879947625259
-920 2783.9293567533357
-916 2784.3688790796856
-912 2784.8065608162678
-908 2785.2424010407008
-904 2785.6763988335417
-900 2786.1085532782980
-896 2786.5388634614400
-892 2786.9673284724122
-888 2787.3939474036459
-884 2787.8187193505707
-880 2788.2416434116268
-876 2788.6627186882767
-872 2789.0819442850176
-868 2789.4993193093926
-864 2789.9148428720033
-860 2790.3285140865216
-856 2790.7403320697014
-852 2791.1502959413906
-848 2791.5584048245430
-844 2791.9646578452303
-840 2792.3690541326536
-836 2792.7715928191557
-832 2793.1722730402329
-828 2793.5710939345462
-824 2793.9680546439341
-820 2794.3631543134234
-816 2794.7563920912419
-812 2795.1477671288295
-808 2795.5372785808500
-804 2795.9249256052033
-800 2796.3107073630368
-796 2796.6946230187570
-792 2797.0766717400412
-788 2797.4568526978495
-784 2797.8351650664362
-780 2798.2116080233612
-776 2798.5861807495021
-772 2798.9588824290654
-768 2799.3297122495981
-764 2799.6986694019996
-760 2800.0657530805327
-756 2800.4309624828355
-752 2800.7942968099326
-748 2801.1557552662469
-744 2801.5153370596106
-740 2801.8730414012771
-736 2802.2288675059318
-732 2802.5828145917041
-728 2802.9348818801782
-724 2803.2850685964046
-720 2803.6333739689117
-716 2803.9797972297164
-712 2804.3243376143360
-708 2804.6669943617989
-704 2805.0077667146561
-700 2805.3466539189922
-696 2805.6836552244366
-692 2806.0187698841744
-688 2806.3519971549578
-684 2806.6833362971168
-680 2807.0127865745702
-676 2807.3403472548371
-672 2807.6660176090472
-668 2807.9897969119518
-664 2808.3116844419351
-660 2808.6316794810247
-656 2808.9497813149024
-652 2809.2659892329151
-648 2809.5803025280854
-644 2809.8927204971226
-640 2810.2032424404329
-636 2810.5118676621307
-632 2810.8185954700484
-628 2811.1234251757475
-624 2811.4263560945292
-620 2811.7273875454444
-616 2812.0265188513046
-612 2812.3237493386921
-608 2812.6190783379704
-604 2812.9125051832947
-600 2813.2040292126219
-596 2813.4936497677211
-592 2813.7813661941837
-588 2814.0671778414337
-584 2814.3510840627375
-580 2814.6330842152144
-576 2814.9131776598465
-572 2815.1913637614887
-568 2815.4676418888785
-564 2815.7420114146462
-560 2816.0144717153246
-556 2816.2850221713589
-552 2816.5536621671163
-548 2816.8203910908962
-544 2817.0852083349392
-540 2817.3481132954376
-536 2817.6091053725441
-532 2817.8681839703821
-528 2818.1253484970547
-524 2818.3805983646545
-520 2818.6339329892728
-516 2818.8853517910089
-512 2819.1348541939799
-508 2819.3824396263292
-504 2819.6281075202364
-500 2819.8718573119258
-496 2820.1136884416764
-492 2820.3536003538299
-488 2820.5915924968006
-484 2820.8276643230838
-480 2821.0618152892650
-476 2821.2940448560285
-472 2821.5243524881665
-468 2821.7527376545875
-464 2821.9791998283251
-460 2822.2037384865470
-456 2822.4263531105628
-452 2822.6470431858333
-448 2822.8658082019784
-444 2823.0826476527859
-440 2823.2975610362195
-436 2823.5105478544274
-432 2823.7216076137504
-428 2823.9307398247298
-424 2824.1379440021162
-420 2824.3432196648767
-416 2824.5465663362035
-412 2824.7479835435219
-408 2824.9474708184974
-404 2825.1450276970446
-400 2825.3406537193341
-396 2825.5343484298005
-392 2825.7261113771500
-388 2825.9159421143681
-384 2826.1038401987270
-380 2826.2898051917929
-376 2826.4738366594336
-372 2826.6559341718257
-368 2826.8360973034619
-364 2827.0143256331580
-360 2827.1906187440605
-356 2827.3649762236531
-352 2827.5373976637638
-348 2827.7078826605723
-344 2827.8764308146163
-340 2828.0430417307984
-336 2828.2077150183932
-332 2828.3704502910533
-328 2828.5312471668167
-324 2828.6901052681124
-320 2828.8470242217678
-316 2829.0020036590142
-312 2829.1550432154939
-308 2829.3061425312659
-304 2829.4553012508121
-300 2829.6025190230439
-296 2829.7477955013076
-292 2829.8911303433908
-288 2830.0325232115281
-284 2830.1719737724069
-280 2830.3094816971734
-276 2830.4450466614380
-272 2830.5786683452810
-268 2830.7103464332581
-264 2830.8400806144059
-260 2830.9678705822473
-256 2831.0937160347970
-252 2831.2176166745661
-248 2831.3395722085682
-244 2831.4595823483237
-240 2831.5776468098651
-236 2831.6937653137421
-232 2831.8079375850263
-228 2831.9201633533160
-224 2832.0304423527409
-220 2832.1387743219669
-216 2832.2451590042004
-212 2832.3495961471931
-208 2832.4520855032461
-204 2832.5526268292144
-200 2832.6512198865114
-196 2832.7478644411124
-192 2832.8425602635596
-188 2832.9353071289653
-184 2833.0261048170163
-180 2833.1149531119779
-176 2833.2018518026972
-172 2833.2868006826073
-168 2833.3697995497305
-164 2833.4508482066824
-160 2833.5299464606747
-156 2833.6070941235193
-152 2833.6822910116310
-148 2833.7555369460313
-144 2833.8268317523511
-140 2833.8961752608340
-136 2833.9635673063393
-132 2834.0290077283449
-128 2834.0924963709499
-124 2834.1540330828780
-120 2834.2136177174794
-116 2834.2712501327340
-112 2834.3269301912534
-108 2834.3806577602839
-104 2834.4324327117084
-100 2834.4822549220489
-96 2834.5301242724685
-92 2834.5760406487740
-88 2834.6200039414170
-84 2834.6620140454969
-80 2834.7020708607621
-76 2834.7401742916118
-72 2834.7763242470981
-68 2834.8105206409272
-64 2834.8427633914613
-60 2834.8730524217196
-56 2834.9013876593801
-52 2834.9277690367807
-48 2834.9521964909203
-44 2834.9746699634602
-40 2834.9951894007249
-36 2835.0137547537031
-32 2835.0303659780487
-28 2835.0450230340813
-24 2835.0577258867874
-20 2835.0684745058205
-16 2835.0772688655019
-12 2835.0841089448213
-8 2835.0889947274366
-4 2835.0919262016751
0 2835.0929033605328
4 2835.0919262016751
8 2835.0889947274366
12 2835.0841089448213
16 2835.0772688655019
20 2835.0684745058205
24 2835.0577258867874
28 2835.0450230340813
32 2835.0303659780487
36 2835.0137547537031
40 2834.9951894007249
44 2834.9746699634602
48 2834.9521964909203
52 2834.9277690367807
56 2834.9013876593801
60 2834.8730524217196
64 2834.8427633914613
68 2834.8105206409272
72 2834.7763242470981
76 2834.7401742916118
80 2834.7020708607621
84 2834.6620140454969
88 2834.6200039414170
92 2834.5760406487740
96 2834.5301242724685
100 2834.4822549220489
104 2834.4324327117084
108 2834.3806577602839
112 2834.3269301912534
116 2834.2712501327340
120 2834.2136177174794
124 2834.1540330828780
128 2834.0924963709499
132 2834.0290077283449
136 2833.9635673063393
140 2833.8961752608340
144 2833.8268317523511
148 2833.7555369460313
152 2833.6822910116310
156 2833.6070941235193
160 2833.5299464606747
164 2833.4508482066824
168 2833.3697995497305
172 2833.2868006826073
176 2833.2018518026972
180 2833.1149531119779
184 2833.0261048170163
188 2832.9353071289653
192 2832.8425602635596
196 2832.7478644411124
200 2832.6512198865114
204 2832.5526268292144
208 2832.4520855032461
212 2832.3495961471931
216 2832.2451590042004
220 2832.1387743219669
224 2832.0304423527409
228 2831.9201633533160
232 2831.8079375850263
236 2831.6937653137421
240 2831.5776468098651
244 2831.4595823483237
248 2831.3395722085682
252 2831.2176166745661
256 2831.0937160347970
260 2830.9678705822473
264 2830.8400806144059
268 2830.7103464332581
272 2830.5786683452810
276 2830.4450466614380
280 2830.3094816971734
284 2830.1719737724069
288 2830.0325232115281
292 2829.8911303433908
296 2829.7477955013076
300 2829.6025190230439
304 2829.4553012508121
308 2829.3061425312659
312 2829.1550432154939
316 2829.0020036590142
320 2828.8470242217678
324 2828.6901052681124
328 2828.5312471668167
332 2828.3704502910533
336 2828.2077150183932
340 2828.0430417307984
344 2827.8764308146163
348 2827.7078826605723
352 2827.5373976637638
356 2827.3649762236531
360 2827.1906187440605
364 2827.0143256331580
368 2826.8360973034619
372 2826.6559341718257
376 2826.4738366594336
380 2826.2898051917929
384 2826.1038401987270
388 2825.9159421143681
392 2825.7261113771500
396 2825.5343484298005
400 2825.3406537193341
404 2825.1450276970446
408 2824.9474708184974
412 2824.7479835435219
416 2824.5465663362035
420 2824.3432196648767
424 2824.1379440021162
428 2823.9307398247298
432 2823.7216076137504
436 2823.5105478544274
440 2823.2975610362195
444 2823.0826476527859
448 2822.8658082019784
452 2822.6470431858333
456 2822.4263531105628
460 2822.2037384865470
464 2821.9791998283251
468 2821.7527376545875
472 2821.5243524881665
476 2821.2940448560285
480 2821.0618152892650
484 2820.8276643230838
488 2820.5915924968006
492 2820.3536003538299
496 2820.1136884416764
500 2819.8718573119258
504 2819.6281075202364
508 2819.3824396263292
512 2819.1348541939799
516 2818.8853517910089
520 2818.6339329892728
524 2818.3805983646545
528 2818.1253484970547
532 2817.8681839703821
536 2817.6091053725441
540 2817.3481132954376
544 2817.0852083349392
548 2816.8203910908962
552 2816.5536621671163
556 2816.2850221713589
560 2816.0144717153246
564 2815.7420114146462
568 2815.4676418888785
572 2815.1913637614887
576 2814.9131776598465
580 2814.6330842152144
584 2814.3510840627375
588 2814.0671778414337
592 2813.7813661941837
596 2813.4936497677211
600 2813.2040292126219
604 2812.9125051832947
608 2812.6190783379704
612 2812.3237493386921
616 2812.0265188513046
620 2811.7273875454444
624 2811.4263560945292
628 2811.1234251757475
632 2810.8185954700484
636 2810.5118676621307
640 2810.2032424404329
644 2809.8927204971226
648 2809.5803025280854
652 2809.2659892329151
656 2808.9497813149024
660 2808.6316794810247
664 2808.3116844419351
668 2807.9897969119518
672 2807.6660176090472
676 2807.3403472548371
680 2807.0127865745702
684 2806.6833362971168
688 2806.3519971549578
692 2806.0187698841744
696 2805.6836552244366
700 2805.3466539189922
704 2805.0077667146561
708 2804.6669943617989
712 2804.3243376143360
716 2803.9797972297164
720 2803.6333739689117
724 2803.2850685964046
728 2802.9348818801782
732 2802.5828145917041
736 2802.2288675059318
740 2801.8730414012771
744 2801.5153370596106
748 2801.1557552662469
752 2800.7942968099326
756 2800.4309624828355
760 2800.0657530805327
764 2799.6986694019996
768 2799.3297122495981
772 2798.9588824290654
776 2798.5861807495021
780 2798.2116080233612
784 2797.8351650664362
788 2797.4568526978495
792 2797.0766717400412
796 2796.6946230187570
800 2796.3107073630368
804 2795.9249256052033
808 2795.5372785808500
812 2795.1477671288295
816 2794.7563920912419
820 2794.3631543134234
824 2793.9680546439341
828 2793.5710939345462
832 2793.1722730402329
836 2792.7715928191557
840 2792.3690541326536
844 2791.9646578452303
848 2791.5584048245430
852 2791.1502959413906
856 2790.7403320697014
860 2790.3285140865216
864 2789.9148428720033
868 2789.4993193093926
872 2789.0819442850176
876 2788.6627186882767
880 2788.2416434116268
884 2787.8187193505707
888 2787.3939474036459
892 2786.9673284724122
896 2786.5388634614400
900 2786.1085532782980
904 2785.6763988335417
908 2785.2424010407008
912 2784.8065608162678
916 2784.3688790796856
920 2783.9293567533357
924 2783.4879947625259
928 2783.0447940354787
932 2782.5997555033189
936 2782.1528801000618
940 2781.7041687626010
944 2781.2536224306964
948 2780.8012420469624
952 2780.3470285568553
956 2779.8909829086617
960 2779.4331060534865
964 2778.9733989452403
968 2778.5118625406279
972 2778.0484977991361
976 2777.5833056830215
980 2777.1162871572982
984 2776.6474431897265
988 2776.1767747508000
992 2775.7042828137340
996 2775.2299683544534
1000 2774.7538323515806
1004 2774.2758757864230
1008 2773.7960996429619
1012 2773.3145049078394
1016 2772.8310925703471
1020 2772.3458636224136
1024 2771.8588190585926
1028 2771.3699598760509
1032 2770.8792870745563
1036 2770.3868016564656
1040 2769.8925046267124
1044 2769.3963969927952
1048 2768.8984797647656
1052 2768.3987539552157
1056 2767.8972205792667
1060 2767.3938806545564
1064 2766.8887352012276
1068 2766.3817852419157
1072 2765.8730318017371
1076 2765.3624759082770
1080 2764.8501185915774
1084 2764.3359608841252
1088 2763.8200038208403
1092 2763.3022484390636
1096 2762.7826957785450
1100 2762.2613468814315
1104 2761.7382027922552
1108 2761.2132645579218
1112 2760.6865332276981
1116 2760.1580098532004
1120 2759.6276954883828
1124 2759.0955911895249
1128 2758.5616980152204
1132 2758.0260170263649
1136 2757.4885492861443
1140 2756.9492958600228
1144 2756.4082578157312
1148 2755.8654362232551
1152 2755.3208321548231
1156 2754.7744466848951
1160 2754.2262808901503
1164 2753.6763358494757
1168 2753.1246126439544
1172 2752.5711123568538
1176 2752.0158360736137
1180 2751.4587848818351
1184 2750.8999598712679
1188 2750.3393621338000
1192 2749.7769927634450
1196 2749.2128528563308
1200 2748.6469435106884
1204 2748.0792658268395
1208 2747.5098209071856
1212 2746.9386098561964
1216 2746.3656337803979
1220 2745.7908937883610
1224 2745.2143909906904
1228 2744.6361265000126
1232 2744.0561014309647
1236 2743.4743169001828
1240 2742.8907740262909
1244 2742.3054739298891
1248 2741.7184177335424
1252 2741.1296065617695
1256 2740.5390415410310
1260 2739.9467237997187
1264 2739.3526544681436
1268 2738.7568346785253
1272 2738.1592655649800
1276 2737.5599482635100
1280 2736.9588839119920
1284 2736.3560736501661
1288 2735.7515186196244
1292 2735.1452199638001
1296 2734.5371788279563
1300 2733.9273963591748
1304 2733.3158737063449
1308 2732.7026120201528
1312 2732.0876124530700
1316 2731.4708761593425
1320 2730.8524042949800
1324 2730.2321980177445
1328 2729.6102584871398
1332 2728.9865868644002
1336 2728.3611843124798
1340 2727.7340519960415
1344 2727.1051910814465
1348 2726.4746027367427
1352 2725.8422881316547
1356 2725.2082484375726
1360 2724.5724848275413
1364 2723.9349984762497
1368 2723.2957905600203
1372 2722.6548622567980
1376 2722.0122147461400
1380 2721.3678492092047
1384 2720.7217668287415
1388 2720.0739687890798
1392 2719.4244562761187
1396 2718.7732304773165
1400 2718.1202925816802
1404 2717.4656437797548
1408 2716.8092852636131
1412 2716.1512182268450
1416 2715.4914438645474
1420 2714.8299633733139
1424 2714.1667779512241
1428 2713.5018887978333
1432 2712.8352971141627
1436 2712.1670041026885
1440 2711.4970109673324
1444 2710.8253189134505
1448 2710.1519291478239
1452 2709.4768428786482
1456 2708.8000613155235
1460 2708.1215856694442
1464 2707.4414171527889
1468 2706.7595569793107
1472 2706.0760063641266
1476 2705.3907665237083
1480 2704.7038386758715
1484 2704.0152240397664
1488 2703.3249238358678
1492 2702.6329392859652
1496 2701.9392716131527
1500 2701.2439220418197
1504 2700.5468917976408
1508 2699.8481821075659
1512 2699.1477941998111
1516 2698.4457293038482
1520 2697.7419886503959
1524 2697.0365734714094
1528 2696.3294850000714
1532 2695.6207244707821
1536 2694.9102931191500
1540 2694.1981921819822
1544 2693.4844228972751
1548 2692.7689865042047
1552 2692.0518842431174
1556 2691.3331173555206
1560 2690.6126870840732
1564 2689.8905946725765
1568 2689.1668413659648
1572 2688.4414284102960
1576 2687.7143570527426
1580 2686.9856285415825
1584 2686.2552441261897
1588 2685.5232050570251
1592 2684.7895125856277
1596 2684.0541679646053
1600 2683.3171724476253
1604 2682.5785272894063
1608 2681.8382337457083
1612 2681.0962930733244
1616 2680.3527065300716
1620 2679.6074753747821
1624 2678.8606008672940
1628 2678.1120842684431
1632 2677.3619268400537
1636 2676.6101298449300
1640 2675.8566945468472
1644 2675.1016222105431
1648 2674.3449141017090
1652 2673.5865714869817
1656 2672.8265956339343
1660 2672.0649878110679
1664 2671.3017492878031
1668 2670.5368813344713
1672 2669.7703852223064
1676 2669.0022622234365
1680 2668.2325136108752
1684 2667.4611406585131
1688 2666.6881446411100
1692 2665.9135268342862
1696 2665.1372885145142
1700 2664.3594309591107
1704 2663.5799554462280
1708 2662.7988632548463
1712 2662.0161556647651
1716 2661.2318339565954
1720 2660.4458994117514
1724 2659.6583533124426
1728 2658.8691969416657
1732 2658.0784315831966
1736 2657.2860585215823
1740 2656.4920790421334
1744 2655.6964944309158
1748 2654.8993059747428
1752 2654.1005149611678
1756 2653.3001226784758
1760 2652.4981304156762
1764 2651.6945394624946
1768 2650.8893511093655
1772 2650.0825666474245
1776 2649.2741873685004
1780 2648.4642145651079
1784 2647.6526495304402
1788 2646.8394935583608
1792 2646.0247479433966
1796 2645.2084139807301
1800 2644.3904929661921
1804 2643.5709861962543
1808 2642.7498949680217
1812 2641.9272205792257
1816 2641.1029643282160
1820 2640.2771275139544
1824 2639.4497114360063
1828 2638.6207173945347
1832 2637.7901466902921
1836 2636.9580006246136
1840 2636.1242804994102
1844 2635.2889876171609
1848 2634.4521232809063
1852 2633.6136887942415
1856 2632.7736854613086
1860 2631.9321145867903
1864 2631.0889774759027
1868 2630.2442754343883
1872 2629.3980097685094
1876 2628.5501817850411
1880 2627.7007927912644
1884 2626.8498440949594
1888 2625.9973370043991
1892 2625.1432728283417
1896 2624.2876528760249
1900 2623.4304784571586
1904 2622.5717508819184
1908 2621.7114714609392
1912 2620.8496415053087
1916 2619.9862623265602
1920 2619.1213352366672
1924 2618.2548615480358
1928 2617.3868425734991
1932 2616.5172796263104
1936 2615.6461740201369
1940 2614.7735270690533
1944 2613.8993400875357
1948 2613.0236143904549
1952 2612.1463512930708
1956 2611.2675521110254
1960 2610.3872181603373
1964 2609.5053507573949
1968 2608.6219512189511
1972 2607.7370208621162
1976 2606.8505610043526
1980 2605.9625729634685
1984 2605.0730580576119
1988 2604.1820176052645
1992 2603.2894529252359
1996 2602.3953653366578
2000 2601.4997561589778
2004 2600.6026267119537
2008 2599.7039783156478
2012 2598.8038122904208
2016 2597.9021299569265
2020 2596.9989326361054
2024 2596.0942216491797
2028 2595.1879983176470
2032 2594.2802639632753
2036 2593.3710199080966
2040 2592.4602674744020
2044 2591.5480079847358
2048 2590.6342427618901
2052 2589.7189731288992
2056 2588.8022004090340
2060 2587.8839259257970
2064 2586.9641510029164
2068 2586.0428769643411
2072 2585.1201051342349
2076 2584.1958368369718
2080 2583.2700733971302
2084 2582.3428161394875
2088 2581.4140663890156
2092 2580.4838254708748
2096 2579.5520947104095
2100 2578.6188754331421
2104 2577.6841689647687
2108 2576.7479766311535
2112 2575.8102997583241
2116 2574.8711396724659
2120 2573.9304976999179
2124 2572.9883751671668
2128 2572.0447734008428
2132 2571.0996937277144
2136 2570.1531374746832
2140 2569.2051059687796
2144 2568.2556005371575
2148 2567.3046225070896
2152 2566.3521732059629
2156 2565.3982539612733
2160 2564.4428661006217
2164 2563.4860109517085
2168 2562.5276898423295
2172 2561.5679041003709
2176 2560.6066550538048
2180 2559.6439440306846
2184 2558.6797723591405
2188 2557.7141413673749
2192 2556.7470523836577
2196 2555.7785067363222
2200 2554.8085057537602
2204 2553.8370507644180
2208 2552.8641430967916
2212 2551.8897840794226
2216 2550.9139750408936
2220 2549.9367173098242
2224 2548.9580122148665
2228 2547.9778610847005
2232 2546.9962652480305
2236 2546.0132260335804
2240 2545.0287447700898
2244 2544.0428227863095
2248 2543.0554614109975
2252 2542.0666619729152
2256 2541.0764258008228
2260 2540.0847542234753
2264 2539.0916485696190
2268 2538.0971101679866
2272 2537.1011403472941
2276 2536.1037404362362
2280 2535.1049117634827
2284 2534.1046556576743
2288 2533.1029734474189
2292 2532.0998664612880
2296 2531.0953360278121
2300 2530.0893834754776
2304 2529.0820101327227
2308 2528.0732173279337
2312 2527.0630063894413
2316 2526.0513786455166
2320 2525.0383354243678
2324 2524.0238780541364
2328 2523.0080078628933
2332 2521.9907261786356
2336 2520.9720343292827
2340 2519.9519336426727
2344 2518.9304254465591
2348 2517.9075110686073
2352 2516.8831918363906
2356 2515.8574690773872
2360 2514.8303441189768
2364 2513.8018182884367
2368 2512.7718929129389
2372 2511.7405693195462
2376 2510.7078488352095
2380 2509.6737327867639
2384 2508.6382225009255
2388 2507.6013193042883
2392 2506.5630245233208
2396 2505.5233394843629
2400 2504.4822655136223
2404 2503.4398039371719
2408 2502.3959560809459
2412 2501.3507232707374
2416 2500.3041068321946
2420 2499.2561080908182
2424 2498.2067283719580
2428 2497.1559690008101
2432 2496.1038313024135
2436 2495.0503166016475
2440 2493.9954262232282
2444 2492.9391614917061
2448 2491.8815237314629
2452 2490.8225142667082
2456 2489.7621344214772
2460 2488.7003855196274
2464 2487.6372688848362
2468 2486.5727858405972
2472 2485.5069377102184
2476 2484.4397258168186
2480 2483.3711514833250
2484 2482.3012160324706
2488 2481.2299207867908
2492 2480.1572670686216
2496 2479.0832562000961
2500 2478.0078895031422
2504 2476.9311682994800
2508 2475.8530939106191
2512 2474.7736676578557
2516 2473.6928908622706
2520 2472.6107648447261
2524 2471.5272909258638
2528 2470.4424704261016
2532 2469.3563046656318
2536 2468.2687949644184
2540 2467.1799426421942
2544 2466.0897490184591
2548 2464.9982154124769
2552 2463.9053431432735
2556 2462.8111335296344
2560 2461.7155878901019
2564 2460.6187075429732
2568 2459.5204938062981
2572 2458.4209479978764
2576 2457.3200714352555
2580 2456.2178654357288
2584 2455.1143313163328
2588 2454.0094703938451
2592 2452.9032839847821
2596 2451.7957734053970
2600 2450.6869399716774
2604 2449.5767849993435
2608 2448.4653098038453
2612 2447.3525157003613
2616 2446.2384040037958
2620 2445.1229760287771
2624 2444.0062330896552
2628 2442.8881765005001
2632 2441.7688075750994
2636 2440.6481276269569
2640 2439.5261379692896
2644 2438.4028399150269
2648 2437.2782347768077
2652 2436.1523238669789
2656 2435.0251084975937
2660 2433.8965899804092
2664 2432.7667696268847
2668 2431.6356487481801
2672 2430.5032286551538
2676 2429.3695106583608
2680 2428.2344960680512
2684 2427.0981861941681
2688 2425.9605823463461
2692 2424.8216858339092
2696 2423.6814979658696
2700 2422.5400200509252
2704 2421.3972533974588
2708 2420.2531993135356
2712 2419.1078591069021
2716 2417.9612340849843
2720 2416.8133255548857
2724 2415.6641348233863
2728 2414.5136631969404
2732 2413.3619119816757
2736 2412.2088824833910
2740 2411.0545760075551
2744 2409.8989938593051
2748 2408.7421373434450
2752 2407.5840077644441
2756 2406.4246064264356
2760 2405.2639346332149
2764 2404.1019936882385
2768 2402.9387848946224
2772 2401.7743095551406
2776 2400.6085689722238
2780 2399.4415644479579
2784 2398.2732972840827
2788 2397.1037687819907
2792 2395.9329802427255
2796 2394.7609329669805
2800 2393.5876282550980
2804 2392.4130674070671
2808 2391.2372517225233
2812 2390.0601825007466
2816 2388.8818610406607
2820 2387.7022886408313
2824 2386.5214665994655
2828 2385.3393962144098
2832 2384.1560787831498
2836 2382.9715156028083
2840 2381.7857079701444
2844 2380.5986571815527
2848 2379.4103645330616
2852 2378.2208313203324
2856 2377.0300588386585
2860 2375.8380483829640
2864 2374.6448012478025
2868 2373.4503187273565
2872 2372.2546021154360
2876 2371.0576527054777
2880 2369.8594717905438
2884 2368.6600606633210
2888 2367.4594206161198
2892 2366.2575529408733
2896 2365.0544589291362
2900 2363.8501398720841
2904 2362.6445970605123
2908 2361.4378317848350
2912 2360.2298453350846
2916 2359.0206390009106
2920 2357.8102140715787
2924 2356.5985718359701
2928 2355.3857135825804
2932 2354.1716405995194
2936 2352.9563541745094
2940 2351.7398555948850
2944 2350.5221461475923
2948 2349.3032271191879
2952 2348.0830997958382
2956 2346.8617654633187
2960 2345.6392254070133
2964 2344.4154809119136
2968 2343.1905332626180
2972 2341.9643837433312
2976 2340.7370336378636
2980 2339.5084842296303
2984 2338.2787368016507
2988 2337.0477926365481
2992 2335.8156530165483
2996 2334.5823192234798
3000 2333.3477925387728
3004 2332.1120742434587
3008 2330.8751656181695
3012 2329.6370679431372
3016 2328.3977824981933
3020 2327.1573105627684
3024 2325.9156534158913
3028 2324.6728123361889
3032 2323.4287886018856
3036 2322.1835834908024
3040 2320.9371982803571
3044 2319.6896342475634
3048 2318.4408926690305
3052 2317.1909748209628
3056 2315.9398819791591
3060 2314.6876154190129
3064 2313.4341764155114
3068 2312.1795662432350
3072 2310.9237861763577
3076 2309.6668374886459
3080 2308.4087214534584
3084 2307.1494393437462
3088 2305.8889924320518
3092 2304.6273819905093
3096 2303.3646092908438
3100 2302.1006756043712
3104 2300.8355822019979
3108 2299.5693303542204
3112 2298.3019213311255
3116 2297.0333564023894
3120 2295.7636368372779
3124 2294.4927639046462
3128 2293.2207388729384
3132 2291.9475630101874
3136 2290.6732375840149
3140 2289.3977638616311
3144 2288.1211431098343
3148 2286.8433765950111
3152 2285.5644655831360
3156 2284.2844113397715
3160 2283.0032151300678
3164 2281.7208782187626
3168 2280.4374018701813
3172 2279.1527873482367
3176 2277.8670359164287
3180 2276.5801488378449
3184 2275.2921273751598
3188 2274.0029727906351
3192 2272.7126863461199
3196 2271.4212693030501
3200 2270.1287229224488
3204 2268.8350484649263
3208 2267.5402471906798
3212 2266.2443203594938
3216 2264.9472692307398
3220 2263.6490950633766
3224 2262.3497991159500
3228 2261.0493826465933
3232 2259.7478469130270
3236 2258.4451931725592
3240 2257.1414226820854
3244 2255.8365366980886
3248 2254.5305364766397
3252 2253.2234232733973
3256 2251.9151983436083
3260 2250.6058629421073
3264 2249.2954183233173
3268 2247.9838657412499
3272 2246.6712064495050
3276 2245.3574417012716
3280 2244.0425727493275
3284 2242.7266008460395
3288 2241.4095272433642
3292 2240.0913531928474
3296 2238.7720799456249
3300 2237.4517087524226
3304 2236.1302408635568
3308 2234.8076775289341
3312 2233.4840199980522
3316 2232.1592695199999
3320 2230.8334273434574
3324 2229.5064947166966
3328 2228.1784728875814
3332 2226.8493631035681
3336 2225.5191666117058
3340 2224.1878846586364
3344 2222.8555184905953
3348 2221.5220693534117
3352 2220.1875384925087
3356 2218.8519271529039
3360 2217.5152365792100
3364 2216.1774680156347
3368 2214.8386227059814
3372 2213.4987018936496
3376 2212.1577068216353
3380 2210.8156387325315
3384 2209.4724988685285
3388 2208.1282884714144
3392 2206.7830087825755
3396 2205.4366610429972
3400 2204.0892464932637
3404 2202.7407663735592
3408 2201.3912219236682
3412 2200.0406143829756
3416 2198.6889449904678
3420 2197.3362149847330
3424 2195.9824256039616
3428 2194.6275780859468
3432 2193.2716736680855
3436 2191.9147135873782
3440 2190.5566990804301
3444 2189.1976313834518
3448 2187.8375117322591
3452 2186.4763413622745
3456 2185.1141215085274
3460 2183.7508534056545
3464 2182.3865382879009
3468 2181.0211773891204
3472 2179.6547719427764
3476 2178.2873231819421
3480 2176.9188323393018
3484 2175.5493006471510
3488 2174.1787293373975
3492 2172.8071196415617
3496 2171.4344727907776
3500 2170.0607900157936
3504 2168.6860725469726
3508 2167.3103216142936
3512 2165.9335384473517
3516 2164.5557242753592
3520 2163.1768803271464
3524 2161.7970078311620
3528 2160.4161080154743
3532 2159.0341821077717
3536 2157.6512313353635
3540 2156.2672569251811
3544 2154.8822601037780
3548 2153.4962420973315
3552 2152.1092041316427
3556 2150.7211474321382
3560 2149.3320732238700
3564 2147.9419827315172
3568 2146.5508771793862
3572 2145.1587577914121
3576 2143.7656257911591
3580 2142.3714824018217
3584 2140.9763288462256
3588 2139.5801663468281
3592 2138.1829961257200
3596 2136.7848194046253
3600 2135.3856374049032
3604 2133.9854513475483
3608 2132.5842624531920
3612 2131.1820719421032
3616 2129.7788810341893
3620 2128.3746909489972
3624 2126.9695029057145
3628 2125.5633181231699
3632 2124.1561378198349
3636 2122.7479632138242
3640 2121.3387955228973
3644 2119.9286359644588
3648 2118.5174857555601
3652 2117.1053461129002
3656 2115.6922182528265
3660 2114.2781033913364
3664 2112.8630027440777
3668 2111.4469175263503
3672 2110.0298489531068
3676 2108.6117982389538
3680 2107.1927665981531
3684 2105.7727552446226
3688 2104.3517653919377
3692 2102.9297982533319
3696 2101.5068550416986
3700 2100.0829369695917
3704 2098.6580452492271
3708 2097.2321810924837
3712 2095.8053457109046
3716 2094.3775403156981
3720 2092.9487661177394
3724 2091.5190243275713
3728 2090.0883161554054
3732 2088.6566428111236
3736 2087.2240055042795
3740 2085.7904054440987
3744 2084.3558438394813
3748 2082.9203218990022
3752 2081.4838408309126
3756 2080.0464018431415
3760 2078.6080061432968
3764 2077.1686549386667
3768 2075.7283494362206
3772 2074.2870908426110
3776 2072.8448803641743
3780 2071.4017192069324
3784 2069.9576085765940
3788 2068.5125496785559
3792 2067.0665437179042
3796 2065.6195918994160
3800 2064.1716954275603
3804 2062.7228555064998
3808 2061.2730733400922
3812 2059.8223501318913
3816 2058.3706870851488
3820 2056.9180854028153
3824 2055.4645462875422
3828 2054.0100709416825
3832 2052.5546605672931
3836 2051.0983163661353
3840 2049.6410395396769
3844 2048.1828312890935
3848 2046.7236928152698
3852 2045.2636253188013
3856 2043.8026299999959
3860 2042.3407080588749
3864 2040.8778606951750
3868 2039.4140891083497
3872 2037.9493944975707
3876 2036.4837780617295
3880 2035.0172409994391
3884 2033.5497845090353
3888 2032.0814097885785
3892 2030.6121180358551
3896 2029.1419104483792
3900 2027.6707882233941
3904 2026.1987525578742
3908 2024.7258046485261
3912 2023.2519456917907
3916 2021.7771768838444
3920 2020.3014994206014
3924 2018.8249144977147
3928 2017.3474233105779
3932 2015.8690270543273
3936 2014.3897269238430
3940 2012.9095241137510
3944 2011.4284198184248
3948 2009.9464152319870
3952 2008.4635115483113
3956 2006.9797099610238
3960 2005.4950116635053
3964 2004.0094178488924
3968 2002.5229297100800
3972 2001.0355484397224
3976 1999.5472752302356
3980 1998.0581112737988
3984 1996.5680577623562
3988 1995.0771158876192
3992 1993.5852868410676
3996 1992.0925718139520
4000 1990.5989719972955
4004 1989.1044885818953
4008 1987.6091227583248
4012 1986.1128757169357
4016 1984.6157486478593
4020 1983.1177427410090
4024 1981.6188591860819
4028 1980.1190991725609
4032 1978.6184638897164
4036 1977.1169545266084
4040 1975.6145722720885
4044 1974.1113183148019
4048 1972.6071938431893
4052 1971.1022000454887
4056 1969.5963381097379
4060 1968.0896092237761
4064 1966.5820145752460
4068 1965.0735553515962
4072 1963.5642327400826
4076 1962.0540479277711
4080 1960.5430021015394
4084 1959.0310964480790
4088 1957.5183321538975
4092 1956.0047104053207
4096 1954.4902323884944
4100 1952.9748992893872
4104 1951.4587122937920
4108 1949.9416725873285
4112 1948.4237813554453
4116 1946.9050397834222
4120 1945.3854490563723
4124 1943.8650103592442
4128 1942.3437248768242
4132 1940.8215937937389
4136 1939.2986182944568
4140 1937.7747995632915
4144 1936.2501387844029
4148 1934.7246371418005
4152 1933.1982958193451
4156 1931.6711160007513
4160 1930.1430988695900
4164 1928.6142456092904
4168 1927.0845574031430
4172 1925.5540354343014
4176 1924.0226808857847
4180 1922.4904949404806
4184 1920.9574787811471
4188 1919.4236335904153
4192 1917.8889605507920
4196 1916.3534608446617
4200 1914.8171356542897
4204 1913.2799861618243
4208 1911.7420135492992
4212 1910.2032189986366
4216 1908.6636036916491
4220 1907.1231688100429
4224 1905.5819155354199
4228 1904.0398450492807
4232 1902.4969585330272
4236 1900.9532571679651
4240 1899.4087421353067
4244 1897.8634146161735
4248 1896.3172757915993
4252 1894.7703268425324
4256 1893.2225689498389
4260 1891.6740032943049
4264 1890.1246310566400
4268 1888.5744534174798
4272 1887.0234715573884
4276 1885.4716866568619
4280 1883.9190998963312
4284 1882.3657124561645
4288 1880.8115255166706
4292 1879.2565402581018
4296 1877.7007578606570
4300 1876.1441795044846
4304 1874.5868063696856
4308 1873.0286396363167
4312 1871.4696804843934
4316 1869.9099300938930
4320 1868.3493896447581
4324 1866.7880603168996
4328 1865.2259432901999
4332 1863.6630397445159
4336 1862.0993508596831
4340 1860.5348778155181
4344 1858.9696217918223
4348 1857.4035839683853
4352 1855.8367655249882
4356 1854.2691676414073
4360 1852.7007914974173
4364 1851.1316382727951
4368 1849.5617091473231
4372 1847.9910053007931
4376 1846.4195279130098
4380 1844.8472781637945
4384 1843.2742572329888
4388 1841.7004663004587
4392 1840.1259065460979
4396 1838.5505791498320
4400 1836.9744852916225
4404 1835.3976261514706
4408 1833.8200029094212
4412 1832.2416167455670
4416 1830.6624688400530
4420 1829.0825603730799
4424 1827.5018925249092
4428 1825.9204664758669
4432 1824.3382834063480
4436 1822.7553444968212
4440 1821.1716509278329
4444 1819.5872038800123
4448 1818.0020045340754
4452 1816.4160540708303
4456 1814.8293536711816
4460 1813.2419045161352
4464 1811.6537077868033
4468 1810.0647646644096
4472 1808.4750763302940
4476 1806.8846439659178
4480 1805.2934687528693
4484 1803.7015518728688
4488 1802.1088945077740
4492 1800.5154978395855
4496 1798.9213630504527
4500 1797.3264913226791
4504 1795.7308838387286
4508 1794.1345417812308
4512 1792.5374663329875
4516 1790.9396586769786
4520 1789.3411199963684
4524 1787.7418514745122
4528 1786.1418542949624
4532 1784.5411296414753
4536 1782.9396786980180
4540 1781.3375026487750
4544 1779.7346026781556
4548 1778.1309799708007
4552 1776.5266357115903
4556 1774.9215710856511
4560 1773.3157872783639
4564 1771.7092854753715
4568 1770.1020668625868
4572 1768.4941326262006
4576 1766.8854839526905
4580 1765.2761220288286
4584 1763.6660480416912
4588 1762.0552631786667
4592 1760.4437686274653
4596 1758.8315655761284
4600 1757.2186552130375
4604 1755.6050387269248
4608 1753.9907173068823
4612 1752.3756921423728
4616 1750.7599644232399
4620 1749.1435353397187
4624 1747.5264060824471
4628 1745.9085778424769
4632 1744.2900518112850
4636 1742.6708291807857
4640 1741.0509111433427
4644 1739.4302988917811
4648 1737.8089936194005
4652 1736.1869965199881
4656 1734.5643087878318
4660 1732.9409316177340
4664 1731.3168662050257
4668 1729.6921137455808
4672 1728.0666754358312
4676 1726.4405524727817
4680 1724.8137460540257
4684 1723.1862573777609
4688 1721.5580876428063
4692 1719.9292380486185
4696 1718.2997097953091
4700 1716.6695040836627
4704 1715.0386221151548
4708 1713.4070650919706
4712 1711.7748342170241
4716 1710.1419306939783
4720 1708.5083557272645
4724 1706.8741105221040
4728 1705.2391962845291
4732 1703.6036142214046
4736 1701.9673655404511
4740 1700.3304514502674
4744 1698.6928731603546
4748 1697.0546318811404
4752 1695.4157288240041
4756 1693.7761652013024
4760 1692.1359422263957
4764 1690.4950611136752
4768 1688.8535230785910
4772 1687.2113293376802
4776 1685.5684811085969
4780 1683.9249796101420
4784 1682.2808260622942
4788 1680.6360216862422
4792 1678.9905677044166
4796 1677.3444653405244
4800 1675.6977158195828
4804 1674.0503203679550
4808 1672.4022802133863
4812 1670.7535965850414
4816 1669.1042707135431
4820 1667.4543038310111
4824 1665.8036971711028
4828 1664.1524519690547
4832 1662.5005694617247
4836 1660.8480508876362
4840 1659.1948974870226
4844 1657.5411105018736
4848 1655.8866911759821
4852 1654.2316407549931
4856 1652.5759604864531
4860 1650.9196516198611
4864 1649.2627154067213
4868 1647.6051531005964
4872 1645.9469659571629
4876 1644.2881552342677
4880 1642.6287221919857
4884 1640.9686680926794
4888 1639.3079942010599
4892 1637.6467017842490
4896 1635.9847921118438
4900 1634.3222664559816
4904 1632.6591260914076
4908 1630.9953722955436
4912 1629.3310063485588
4916 1627.6660295334417
4920 1626.0004431360745
4924 1624.3342484453088
4928 1622.6674467530434
4932 1621.0000393543035
4936 1619.3320275473225
4940 1617.6634126336251
4944 1615.9941959181125
4948 1614.3243787091496
4952 1612.6539623186545
4956 1610.9829480621897
4960 1609.3113372590551
4964 1607.6391312323838
4968 1605.9663313092397
4972 1604.2929388207167
4976 1602.6189551020414
4980 1600.9443814926765
4984 1599.2692193364274
4988 1597.5934699815508
4992 1595.9171347808657
4996 1594.2402150918662
5000 1592.5627122768373
5004 1590.8846277029727
5008 1589.2059627424949
5012 1587.5267187727777
5016 1585.8468971764716
5020 1584.1664993416304
5024 1582.4855266618418
5028 1580.8039805363591
5032 1579.1218623702358
5036 1577.4391735744631
5040 1575.7559155661088
5044 1574.0720897684599
5048 1572.3876976111662
5052 1570.7027405303878
5056 1569.0172199689436
5060 1567.3311373764634
5064 1565.6444942095415
5068 1563.9572919318932
5072 1562.2695320145131
5076 1560.5812159358364
5080 1558.8923451819015
5084 1557.2029212465159
5088 1555.5129456314233
5092 1553.8224198464733
5096 1552.1313454097932
5100 1550.4397238479615
5104 1548.7475566961834
5108 1547.0548454984684
5112 1545.3615918078093
5116 1543.6677971863631
5120 1541.9734632056331
5124 1540.2785914466530
5128 1538.5831835001721
5132 1536.8872409668414
5136 1535.1907654574010
5140 1533.4937585928688
5144 1531.7962220047295
5148 1530.0981573351242
5152 1528.3995662370408
5156 1526.7004503745044
5160 1525.0008114227681
5164 1523.3006510685029
5168 1521.5999710099879
5172 1519.8987729573002
5176 1518.1970586325029
5180 1516.4948297698328
5184 1514.7920881158865
5188 1513.0888354298053
5192 1511.3850734834569
5196 1509.6808040616164
5200 1507.9760289621435
5204 1506.2707499961577
5208 1504.5649689882090
5212 1502.8586877764462
5216 1501.1519082127803
5220 1499.4446321630440
5224 1497.7368615071454
5228 1496.0285981392174
5232 1494.3198439677605
5236 1492.6106009157797
5240 1490.9008709209146
5244 1489.1906559355622
5248 1487.4799579269912
5252 1485.7687788774494
5256 1484.0571207842604
5260 1482.3449856599122
5264 1480.6323755321349
5268 1478.9192924439678
5272 1477.2057384538154
5276 1475.4917156354907
5280 1473.7772260782468
5284 1472.0622718867942
5288 1470.3468551813044
5292 1468.6309780973990
5296 1466.9146427861225
5300 1465.1978514139000
5304 1463.4806061624768
5308 1461.7629092288407
5312 1460.0447628251264
5316 1458.3261691784992
5320 1456.6071305310203
5324 1454.8876491394897
5328 1453.1677272752689
5332 1451.4473672240800
5336 1449.7265712857822
5340 1448.0053417741244
5344 1446.2836810164727
5348 1444.5615913535126
5352 1442.8390751389249
5356 1441.1161347390342
5360 1439.3927725324305
5364 1437.6689909095614
5368 1435.9447922722960
5372 1434.2201790334577
5376 1432.4951536163286
5380 1430.7697184541203
5384 1429.0438759894157
5388 1427.3176286735764
5392 1425.5909789661191
5396 1423.8639293340577
5400 1422.1364822512131
5404 1420.4086401974882
5408 1418.6804056581094
5412 1416.9517811228335
5416 1415.2227690851205
5420 1413.4933720412716
5424 1411.7635924895329
5428 1410.0334329291640
5432 1408.3028958594734
5436 1406.5719837788190
5440 1404.8406991835746
5444 1403.1090445670645
5448 1401.3770224184633
5452 1399.6446352216650
5456 1397.9118854541201
5460 1396.1787755856417
5464 1394.4453080771821
5468 1392.7114853795809
5472 1390.9773099322847
5476 1389.2427841620409
5480 1387.5079104815666
5484 1385.7726912881932
5488 1384.0371289624898
5492 1382.3012258668654
5496 1380.5649843441530
5500 1378.8284067161766
5504 1377.0914952823042
5508 1375.3542523179868
5512 1373.6166800732884
5516 1371.8787807714067
5520 1370.1405566071885
5524 1368.4020097456416
5528 1366.6631423204456
5532 1364.9239564324645
5536 1363.1844541482642
5540 1361.4446374986361
5544 1359.7045084771314
5548 1357.9640690386073
5552 1356.2233210977896
5556 1354.4822665278528
5560 1352.7409071590217
5564 1350.9992447771974
5568 1349.2572811226095
5572 1347.5150178884991
5576 1345.7724567198333
5580 1344.0295992120561
5584 1342.2864469098771
5588 1340.5430013061003
5592 1338.7992638404976
5596 1337.0552358987274
5600 1335.3109188113015
5604 1333.5663138526030
5608 1331.8214222399572
5612 1330.0762451327572
5616 1328.3307836316464
5620 1326.5850387777601
5624 1324.8390115520274
5628 1323.0927028745348
5632 1321.3461136039534
5636 1319.5992445370307
5640 1317.8520964081478
5644 1316.1046698889424
5648 1314.3569655880000
5652 1312.6089840506116
5656 1310.8607257585992
5660 1309.1121911302101
5664 1307.3633805200778
5668 1305.6142942192512
5672 1303.8649324552903
5676 1302.1152953924291
5680 1300.3653831318031
5684 1298.6151957117420
5688 1296.8647331081258
5692 1295.1139952348030
5696 1293.3629819440688
5700 1291.6116930272032
5704 1289.8601282150658
5708 1288.1082871787458
5712 1286.3561695302653
5716 1284.6037748233338
5720 1282.8511025541515
5724 1281.0981521622591
5728 1279.3449230314311
5732 1277.5914144906114
5736 1275.8376258148870
5740 1274.0835562264988
5744 1272.3292048958852
5748 1270.5745709427569
5752 1268.8196534371999
5756 1267.0644514008039
5760 1265.3089638078129
5764 1263.5531895862962
5768 1261.7971276193362
5772 1260.0407767462310
5776 1258.2841357637082
5780 1256.5272034271487
5784 1254.7699784518163
5788 1253.0124595140918
5792 1251.2546452527090
5796 1249.4965342699892
5800 1247.7381251330738
5804 1245.9794163751506
5808 1244.2204064966734
5812 1242.4610939665723
5816 1240.7014772234524
5820 1238.9415546767795
5824 1237.1813247080511
5828 1235.4207856719507
5832 1233.6599358974844
5836 1231.8987736890976
5840 1230.1372973277718
5844 1228.3755050720985
5848 1226.6133951593306
5852 1224.8509658064100
5856 1223.0882152109697
5860 1221.3251415523104
5864 1219.5617429923507
5868 1217.7980176765506
5872 1216.0339637348066
5876 1214.2695792823199
5880 1212.5048624204354
5884 1210.7398112374528
5888 1208.9744238094084
5892 1207.2086982008291
5896 1205.4426324654564
5900 1203.6762246469422
5904 1201.9094727795167
5908 1200.1423748886262
5912 1198.3749289915443
5916 1196.6071330979546
5920 1194.8389852105052
5924 1193.0704833253372
5928 1191.3016254325857
5932 1189.5324095168548
5936 1187.7628335576668
5940 1185.9928955298862
5944 1184.2225934041191
5948 1182.4519251470885
5952 1180.6808887219864
5956 1178.9094820888027
5960 1177.1377032046327
5964 1175.3655500239620
5968 1173.5930204989320
5972 1171.8201125795841
5976 1170.0468242140853
5980 1168.2731533489346
5984 1166.4990979291513
5988 1164.7246558984468
5992 1162.9498251993785
5996 1161.1746037734889
6000 1159.3989895614283
6004 1157.6229805030641
6008 1155.8465745375748
6012 1154.0697696035319
6016 1152.2925636389682
6020 1150.5149545814348
6024 1148.7369403680456
6028 1146.9585189355123
6032 1145.1796882201679
6036 1143.4004461579813
6040 1141.6207906845622
6044 1139.8407197351577
6048 1138.0602312446406
6052 1136.2793231474902
6056 1134.4979933777659
6060 1132.7162398690738
6064 1130.9340605545280
6068 1129.1514533667048
6072 1127.3684162375924
6076 1125.5849470985354
6080 1123.8010438801746
6084 1122.0167045123824
6088 1120.2319269241943
6092 1118.4467090437372
6096 1116.6610487981538
6100 1114.8749441135244
6104 1113.0883929147859
6108 1111.3013931256480
6112 1109.5139426685077
6116 1107.7260394643616
6120 1105.9376814327162
6124 1104.1488664914971
6128 1102.3595925569563
6132 1100.5698575435791
6136 1098.7796593639888
6140 1096.9889959288521
6144 1095.1978651467821
6148 1093.4062649242425
6152 1091.6141931654494
6156 1089.8216477722749
6160 1088.0286266441484
6164 1086.2351276779596
6168 1084.4411487679602
6172 1082.6466878056663
6176 1080.8517426797606
6180 1079.0563112759948
6184 1077.2603914770930
6188 1075.4639811626540
6192 1073.6670782090552
6196 1071.8696804893563
6200 1070.0717858732037
6204 1068.2733922267349
6208 1066.4744974124843
6212 1064.6750992892882
6216 1062.8751957121915
6220 1061.0747845323546
6224 1059.2738635969604
6228 1057.4724307491224
6232 1055.6704838277931
6236 1053.8680206676731
6240 1052.0650390991205
6244 1050.2615369480615
6248 1048.4575120359004
6252 1046.6529621794314
6256 1044.8478851907502
6260 1043.0422788771661
6264 1041.2361410411150
6268 1039.4294694800727
6272 1037.6222619864683
6276 1035.8145163475987
6280 1034.0062303455432
6284 1032.1974017570786
6288 1030.3880283535942
6292 1028.5781079010082
6296 1026.7676381596837
6300 1024.9566168843449
6304 1023.1450418239943
6308 1021.3329107218295
6312 1019.5202213151608
6316 1017.7069713353288
6320 1015.8931585076219
6324 1014.0787805511947
6328 1012.2638351789863
6332 1010.4483200976379
6336 1008.6322330074123
6340 1006.8155716021118
6344 1004.9983335689970
6348 1003.1805165887055
6352 1001.3621183351711
6356 999.54313647554183
6360 997.72356867009943
6364 995.90341257217767
6368 994.08266582808125
6372 992.26132607700437
6376 990.43939095094931
6380 988.61685807464484
6384 986.79372506546459
6388 984.96998953334516
6392 983.14564908070412
6396 981.32070130235787
6400 979.49514378543918
6404 977.66897410931461
6408 975.84218984550165
6412 974.01478855758558
6416 972.18676780113606
6420 970.35812512362347
6424 968.52885806433490
6428 966.69896415428977
6432 964.86844091615520
6436 963.03728586416095
6440 961.20549650401399
6444 959.37307033281272
6448 957.54000483896070
6452 955.70629750208006
6456 953.87194579292436
6460 952.03694717329110
6464 950.20129909593366
6468 948.36499900447288
6472 946.52804433330797
6476 944.69043250752710
6480 942.85216094281732
6484 941.01322704537397
6488 939.17362821180962
6492 937.33336182906229
6496 935.49242527430324
6500 933.65081591484403
6504 931.80853110804310
6508 929.96556820121159
6512 928.12192453151864
6516 926.27759742589597
6520 924.43258420094180
6524 922.58688216282415
6528 920.74048860718333
6532 918.89340081903388
6536 917.04561607266566
6540 915.19713163154427
6544 913.34794474821070
6548 911.49805266418024
6552 909.64745260984064
6556 907.79614180434939
6560 905.94411745553030
6564 904.09137675976923
6568 902.23791690190898
6572 900.38373505514333
6576 898.52882838091026
6580 896.67319402878430
6584 894.81682913636793
6588 892.95973082918215
6592 891.10189622055611
6596 889.24332241151584
6600 887.38400649067197
6604 885.52394553410656
6608 883.66313660525893
6612 881.80157675481053
6616 879.93926302056872
6620 878.07619242734965
6624 876.21236198686005
6628 874.34776869757793
6632 872.48240954463229
6636 870.61628149968171
6640 868.74938152079181
6644 866.88170655231171
6648 865.01325352474917
6652 863.14401935464478
6656 861.27400094444487
6660 859.40319518237323
6664 857.53159894230171
6668 855.65920908361951
6672 853.78602245110130
6676 851.91203587477407
6680 850.03724616978267
6684 848.16165013625411
6688 846.28524455916051
6692 844.40802620818073
6696 842.52999183756068
6700 840.65113818597219
6704 838.77146197637058
6708 836.89095991585072
6712 835.00962869550176
6716 833.12746499026031
6720 831.24446545876221
6724 829.36062674319279
6728 827.47594546913560
6732 825.59041824541962
6736 823.70404166396484
6740 821.81681229962637
6744 819.92872671003684
6748 818.03978143544718
6752 816.14997299856582
6756 814.25929790439609
6760 812.36775264007200
6764 810.47533367469223
6768 808.58203745915243
6772 806.68786042597565
6776 804.79279898914102
6780 802.89684954391056
6784 801.00000846665413
6788 799.10227211467251
6792 797.20363682601851
6796 795.30409891931614
6800 793.40365469357785
6804 791.50230042801969
6808 789.60003238187445
6812 787.69684679420277
6816 785.79273988370206
6820 783.88770784851336
6824 781.98174686602602
6828 780.07485309268010
6832 778.16702266376668
6836 776.25825169322575
6840 774.34853627344188
6844 772.43787247503754
6848 770.52625634666405
6852 768.61368391479004
6856 766.70015118348762
6860 764.78565413421585
6864 762.87018872560191
6868 760.95375089321952
6872 759.03633654936482
6876 757.11794158282968
6880 755.19856185867218
6884 753.27819321798446
6888 751.35683147765776
6892 749.43447243014466
6896 747.51111184321845
6900 745.58674545972956
6904 743.66136899735910
6908 741.73497814836938
6912 739.80756857935132
6916 737.87913593096886
6920 735.94967581770013
6924 734.01918382757552
6928 732.08765552191240
6932 730.15508643504662
6936 728.22147207406061
6940 726.28680791850808
6944 724.35108942013525
6948 722.41431200259857
6952 720.47647106117888
6956 718.53756196249185
6960 716.59758004419483
6964 714.65652061468983
6968 712.71437895282281
6972 710.77115030757894
6976 708.82682989777399
6980 706.88141291174173
6984 704.93489450701715
6988 702.98726981001562
6992 701.03853391570778
6996 699.08868188729013
7000 697.13770875585129
7004 695.18560952003378
7008 693.23237914569129
7012 691.27801256554137
7016 689.32250467881345
7020 687.36585035089206
7024 685.40804441295528
7028 683.44908166160821
7032 681.48895685851144
7036 679.52766473000450
7040 677.56519996672400
7044 675.60155722321660
7048 673.63673111754659
7052 671.67071623089795
7056 669.70350710717094
7060 667.73509825257293
7064 665.76548413520359
7068 663.79465918463412
7072 661.82261779148052
7076 659.84935430697084
7080 657.87486304250624
7084 655.89913826921565
7088 653.92217421750414
7092 651.94396507659471
7096 649.96450499406342
7100 647.98378807536775
7104 646.00180838336808
7108 644.01855993784215
7112 642.03403671499228
7116 640.04823264694547
7120 638.06114162124586
7124 636.07275748033983
7128 634.08307402105321
7132 632.09208499406078
7136 630.09978410334766
7140 628.10616500566261
7144 626.11122130996297
7148 624.11494657685118
7152 622.11733431800258
7156 620.11837799558449
7160 618.11807102166627
7164 616.11640675762024
7168 614.11337851351326
7172 612.10897954748881
7176 610.10320306513935
7180 608.09604221886881
7184 606.08749010724499
7188 604.07753977434162
7192 602.06618420907001
7196 600.05341634449987
7200 598.03922905716936
7204 596.02361516638382
7208 594.00656743350329
7212 591.98807856121828
7216 589.96814119281380
7220 587.94674791142126
7224 585.92389123925805
7228 583.89956363685444
7232 581.87375750226780
7236 579.84646517028349
7240 577.81767891160249
7244 575.78739093201530
7248 573.75559337156186
7252 571.72227830367718
7256 569.68743773432243
7260 567.65106360110112
7264 565.61314777236005
7268 563.57368204627480
7272 561.53265814991917
7276 559.49006773831863
7280 557.44590239348696
7284 555.40015362344611
7288 553.35281286122866
7292 551.30387146386257
7296 549.25332071133788
7300 547.20115180555487
7304 545.14735586925329
7308 543.09192394492224
7312 541.03484699369033
7316 538.97611589419548
7320 536.91572144143411
7324 534.85365434558913
7328 532.78990523083622
7332 530.72446463412797
7336 528.65732300395537
7340 526.58847069908596
7344 524.51789798727835
7348 522.44559504397230
7352 520.37155195095397
7356 518.29575869499560
7360 516.21820516646911
7364 514.13888115793298
7368 512.05777636269168
7372 509.97488037332707
7376 507.89018268020107
7380 505.80367266992883
7384 503.71533962382182
7388 501.62517271629984
7392 499.53316101327151
7396 497.43929347048210
7400 495.34355893182818
7404 493.24594612763806
7408 491.14644367291717
7412 489.04504006555763
7416 486.94172368451090
7420 484.83648278792261
7424 482.72930551122874
7428 480.62017986521192
7432 478.50909373401692
7436 476.39603487312426
7440 474.28099090728079
7444 472.16394932838617
7448 470.04489749333388
7452 467.92382262180586
7456 465.80071179401914
7460 463.67555194842349
7464 461.54832987934853
7468 459.41903223459901
7472 457.28764551299685
7476 455.15415606186833
7480 453.01855007447502
7484 450.88081358738689
7488 448.74093247779578
7492 446.59889246076779
7496 444.45467908643260
7500 442.30827773710813
7504 440.15967362435846
7508 438.00885178598322
7512 435.85579708293640
7516 433.70049419617250
7520 431.54292762341783
7524 429.38308167586479
7528 427.22094047478682
7532 425.05648794807163
7536 422.88970782667015
7540 420.72058364095872
7544 418.54909871701193
7548 416.37523617278312
7552 414.19897891418989
7556 412.02030963110157
7560 409.83921079322558
7564 407.65566464588942
7568 405.46965320571510
7572 403.28115825618244
7576 401.09016134307769
7580 398.89664376982383
7584 396.70058659268852
7588 394.50197061586590
7592 392.30077638642783
7596 390.09698418914039
7600 387.89057404114110
7604 385.68152568647206
7608 383.46981859046423
7612 381.25543193396772
7616 379.03834460742272
7620 376.81853520476571
7624 374.59598201716495
7628 372.37066302657953
7632 370.14255589913552
7636 367.91163797831274
7640 365.67788627793550
7644 363.44127747495995
7648 361.20178790205093
7652 358.95939353994033
7656 356.71407000955905
7660 354.46579256393414
7664 352.21453607984214
7668 349.96027504920960
7672 347.70298357025109
7676 345.44263533833448
7680 343.17920363656334
7684 340.91266132606478
7688 338.64298083597211
7692 336.37013415308888
7696 334.09409281122369
7700 331.81482788017928
7704 329.53230995438673
7708 327.24650914116329
7712 324.95739504858833
7716 322.66493677296721
7720 320.36910288588651
7724 318.06986142081336
7728 315.76717985926293
7732 313.46102511645283
7736 311.15136352651231
7740 308.83816082709760
7744 306.52138214357211
7748 304.20099197246804
7752 301.87695416457387
7756 299.54923190709432
7760 297.21778770560322
7764 294.88258336469673
7768 292.54357996882190
7772 290.20073786111538
7776 287.85401662322929
7780 285.50337505185873
7784 283.14877113791369
7788 280.79016203988463
7792 278.42750406315918
7796 276.06075262870862
7800 273.68986225422219
7804 271.31478651534219
7808 268.93547803196297
7812 266.55188841688531
7816 264.16396827379850
7820 261.77166712381844
7824 259.37493342762096
7828 256.97371447214012
7832 254.56795644038379
7836 252.15760422545478
7840 249.74260159197658
7844 247.32289085690177
7848 244.89841322377132
7852 242.46910821939458
7856 240.03491434980290
7860 237.59576809095915
7864 235.15160513692535
7868 232.70235857995955
7872 230.24796123844028
7876 227.78834237259029
7880 225.32343196361137
7884 222.85315480208226
7888 220.37743826315178
7892 217.89620171545074
7896 215.40937050821540
7900 212.91685710908906
7904 210.41858603767986
7908 207.91446049877112
7912 205.40440644567160
7916 202.88831398224610
7920 200.36611457850691
7924 197.83767894300531
7928 195.30295120776149
7932 192.76177233118156
7936 190.21411134440470
7940 187.65976244084425
7944 185.09874015836406
7948 182.53076408078475
7952 179.95592846919330
7956 177.37383300645955
7960 174.78470777751223
7964 172.18795944185023
7968 169.58404481441575
7972 166.97206046894998
7976 164.35283559778969
7980 161.72497099635582
7984 159.08989900051233
7988 156.44543293377905
7992 153.79396985462517
7996 151.13208209296910
8000 148.46369163392334
8004 145.78343220476211
8008 143.09760876670985
8012 140.39785528461818
8016 137.69415861480481
8020 134.97355739377622
8024 132.25166308652965
8028 129.50854862875706
8032 126.76831968468851
8036 124.00060592489512
8040 121.24219145481356
8044 118.44722696919707
8048 115.67119469103361
8052 112.84557315711045
8056 110.05308223812865
8060 107.19239903835284
8064 104.38541863323190
8068 101.48396496592525
8072 98.665541002515225
8076 95.715928487934353
8080 92.890496498291744
8084 89.883208059841411
8088 87.056943279440094
8092 83.979809329207353
8096 81.160998109778959
8100 77.998598577001478
8104 75.198010440190671
8108 71.930998149113429
8112 69.162241131156912
8116 65.766561577064405
8120 63.046423183481719
8124 59.492354818668285
8128 56.841177744595222
8132 53.092009729125649
8136 50.534240314494182
8140 46.544190574533759
8144 44.109397930776977
8148 39.819928229734904
8152 37.544906755735259
8156 32.877537249490526
8160 30.810855251067725
8164 25.651567244818553
8168 23.864175877654819
8172 18.023290466471560
8176 16.637727188605872
8180 9.7040605278392343
8184 9.0109133472792890
8188 -10000
8192 0.69314718055994531
